1.700164333418376000e+15
1.700164333458843000e+15
1.700164333499292000e+15
1.700164333539750000e+15
1.700164333580340000e+15
1.700164333621393000e+15
1.700164333661855000e+15
1.700164333702308000e+15
1.700164333742759000e+15
1.700164333783342000e+15
1.700164333823836000e+15
1.700164333864296000e+15
1.700164333904743000e+15
1.700164333945202000e+15
1.700164333986554000e+15
1.700164334027044000e+15
1.700164334072331000e+15
1.700164334112783000e+15
1.700164334153715000e+15
1.700164334194304000e+15
1.700164334234790000e+15
1.700164334275256000e+15
1.700164334315712000e+15
1.700164334356645000e+15
1.700164334397233000e+15
1.700164334437713000e+15
1.700164334478176000e+15
1.700164334519194000e+15
1.700164334559650000e+15
1.700164334600242000e+15
1.700164334640728000e+15
1.700164334681188000e+15
1.700164334722171000e+15
1.700164334762627000e+15
1.700164334803215000e+15
1.700164334843712000e+15
1.700164334884857000e+15
1.700164334925307000e+15
1.700164334965747000e+15
1.700164335006324000e+15
1.700164335046819000e+15
1.700164335086596000e+15
1.700164335127048000e+15
1.700164335167497000e+15
1.700164335208087000e+15
1.700164335249122000e+15
1.700164335289571000e+15
1.700164335330025000e+15
1.700164335370481000e+15
1.700164335411055000e+15
1.700164335452606000e+15
1.700164335493065000e+15
1.700164335533514000e+15
1.700164335573966000e+15
1.700164335614697000e+15
1.700164335655212000e+15
1.700164335695671000e+15
1.700164335736131000e+15
1.700164335776583000e+15
1.700164335817536000e+15
1.700164335858012000e+15
1.700164335898474000e+15
1.700164335938923000e+15
1.700164335980253000e+15
1.700164336020835000e+15
1.700164336061331000e+15
1.700164336103083000e+15
1.700164336143541000e+15
1.700164336184434000e+15
1.700164336225030000e+15
1.700164336265513000e+15
1.700164336305963000e+15
1.700164336347088000e+15
1.700164336387542000e+15
1.700164336428136000e+15
1.700164336468629000e+15
1.700164336509095000e+15
1.700164336550037000e+15
1.700164336590484000e+15
1.700164336631076000e+15
1.700164336671585000e+15
1.700164336712698000e+15
1.700164336753163000e+15
1.700164336793604000e+15
1.700164336834190000e+15
1.700164336874661000e+15
1.700164336916109000e+15
1.700164336956554000e+15
1.700164336997007000e+15
1.700164337037595000e+15
1.700164337079547000e+15
1.700164337120016000e+15
1.700164337160463000e+15
1.700164337200903000e+15
1.700164337241487000e+15
1.700164337283025000e+15
1.700164337323489000e+15
1.700164337363942000e+15
1.700164337404388000e+15
1.700164337445704000e+15
1.700164337486195000e+15
1.700164337526652000e+15
1.700164337567103000e+15
1.700164337608471000e+15
1.700164337649068000e+15
1.700164337689577000e+15
1.700164337730035000e+15
1.700164337771138000e+15
1.700164337811581000e+15
1.700164337852178000e+15
1.700164337892670000e+15
1.700164337933134000e+15
1.700164337974042000e+15
1.700164338014496000e+15
1.700164338055080000e+15
1.700164338092814000e+15
1.700164338133945000e+15
1.700164338174398000e+15
1.700164338214853000e+15
1.700164338255438000e+15
1.700164338295935000e+15
1.700164338337201000e+15
1.700164338377650000e+15
1.700164338418084000e+15
1.700164338458664000e+15
1.700164338499725000e+15
1.700164338540177000e+15
1.700164338580627000e+15
1.700164338621085000e+15
1.700164338662850000e+15
1.700164338703352000e+15
1.700164338743815000e+15
1.700164338784264000e+15
1.700164338825579000e+15
1.700164338866236000e+15
1.700164338906755000e+15
1.700164338947252000e+15
1.700164338988850000e+15
1.700164339029335000e+15
1.700164339073081000e+15
1.700164339113617000e+15
1.700164339154760000e+15
1.700164339195246000e+15
1.700164339235736000e+15
1.700164339276364000e+15
1.700164339318052000e+15
1.700164339358531000e+15
1.700164339399005000e+15
1.700164339439498000e+15
1.700164339480811000e+15
1.700164339521337000e+15
1.700164339561817000e+15
1.700164339602299000e+15
1.700164339642772000e+15
1.700164339683974000e+15
1.700164339724490000e+15
1.700164339764981000e+15
1.700164339805456000e+15
1.700164339846351000e+15
1.700164339886979000e+15
1.700164339927501000e+15
1.700164339967994000e+15
1.700164340008474000e+15
1.700164340049240000e+15
1.700164340087511000e+15
1.700164340128030000e+15
1.700164340168526000e+15
1.700164340209479000e+15
1.700164340249960000e+15
1.700164340290577000e+15
1.700164340331099000e+15
1.700164340371587000e+15
1.700164340412607000e+15
1.700164340453086000e+15
1.700164340493718000e+15
1.700164340534250000e+15
1.700164340574742000e+15
1.700164340615230000e+15
1.700164340655740000e+15
1.700164340696360000e+15
1.700164340736878000e+15
1.700164340777364000e+15
1.700164340818141000e+15
1.700164340858622000e+15
1.700164340899252000e+15
1.700164340939780000e+15
1.700164340980874000e+15
1.700164341021360000e+15
1.700164341061852000e+15
1.700164341103745000e+15
1.700164341145373000e+15
1.700164341185861000e+15
1.700164341226312000e+15
1.700164341266842000e+15
1.700164341307539000e+15
1.700164341348092000e+15
1.700164341388632000e+15
1.700164341429155000e+15
1.700164341470887000e+15
1.700164341511552000e+15
1.700164341552121000e+15
1.700164341592657000e+15
1.700164341633589000e+15
1.700164341674110000e+15
1.700164341714782000e+15
1.700164341755353000e+15
1.700164341796913000e+15
1.700164341837436000e+15
1.700164341877969000e+15
1.700164341918605000e+15
1.700164341959645000e+15
1.700164342000143000e+15
1.700164342040638000e+15
1.700164342079436000e+15
1.700164342121243000e+15
1.700164342161758000e+15
1.700164342202234000e+15
1.700164342242717000e+15
1.700164342284134000e+15
1.700164342324765000e+15
1.700164342365281000e+15
1.700164342405780000e+15
1.700164342447654000e+15
1.700164342488139000e+15
1.700164342528752000e+15
1.700164342569271000e+15
1.700164342610049000e+15
1.700164342650522000e+15
1.700164342691019000e+15
1.700164342731658000e+15
1.700164342773329000e+15
1.700164342813817000e+15
1.700164342854323000e+15
1.700164342894801000e+15
1.700164342936109000e+15
1.700164342976631000e+15
1.700164343017124000e+15
1.700164343057602000e+15
1.700164343099140000e+15
1.700164343139955000e+15
1.700164343180483000e+15
1.700164343220975000e+15
1.700164343261446000e+15
1.700164343302718000e+15
1.700164343343339000e+15
1.700164343383867000e+15
1.700164343424357000e+15
1.700164343464850000e+15
1.700164343505615000e+15
1.700164343546236000e+15
1.700164343586748000e+15
1.700164343627227000e+15
1.700164343668249000e+15
1.700164343708729000e+15
1.700164343749363000e+15
1.700164343789874000e+15
1.700164343830365000e+15
1.700164343871681000e+15
1.700164343912164000e+15
1.700164343952806000e+15
1.700164343993330000e+15
1.700164344034491000e+15
1.700164344075720000e+15
1.700164344116204000e+15
1.700164344156826000e+15
1.700164344197448000e+15
1.700164344237990000e+15
1.700164344278527000e+15
1.700164344319955000e+15
1.700164344360636000e+15
1.700164344401214000e+15
1.700164344441747000e+15
1.700164344483375000e+15
1.700164344523906000e+15
1.700164344564570000e+15
1.700164344605118000e+15
1.700164344646109000e+15
1.700164344686628000e+15
1.700164344727135000e+15
1.700164344767803000e+15
1.700164344809396000e+15
1.700164344849919000e+15
1.700164344890429000e+15
1.700164344930949000e+15
1.700164344972158000e+15
1.700164345012711000e+15
1.700164345053216000e+15
1.700164345093951000e+15
1.700164345134439000e+15
1.700164345175844000e+15
1.700164345216358000e+15
1.700164345256832000e+15
1.700164345298390000e+15
1.700164345338885000e+15
1.700164345379536000e+15
1.700164345420067000e+15
1.700164345460552000e+15
1.700164345501291000e+15
1.700164345541773000e+15
1.700164345582405000e+15
1.700164345622924000e+15
1.700164345664039000e+15
1.700164345704516000e+15
1.700164345745002000e+15
1.700164345785646000e+15
1.700164345827344000e+15
1.700164345867837000e+15
1.700164345908313000e+15
1.700164345948785000e+15
1.700164345990078000e+15
1.700164346030609000e+15
1.700164346071193000e+15
1.700164346111672000e+15
1.700164346152156000e+15
1.700164346192979000e+15
1.700164346233496000e+15
1.700164346273987000e+15
1.700164346314467000e+15
1.700164346355767000e+15
1.700164346396393000e+15
1.700164346436921000e+15
1.700164346477426000e+15
1.700164346517914000e+15
1.700164346558981000e+15
1.700164346599599000e+15
1.700164346640121000e+15
1.700164346681756000e+15
1.700164346722230000e+15
1.700164346762700000e+15
1.700164346803320000e+15
1.700164346843856000e+15
1.700164346884816000e+15
1.700164346925294000e+15
1.700164346965781000e+15
1.700164347006407000e+15
1.700164347046929000e+15
1.700164347088669000e+15
1.700164347129153000e+15
1.700164347169638000e+15
1.700164347210216000e+15
1.700164347250788000e+15
1.700164347291342000e+15
1.700164347331869000e+15
1.700164347372386000e+15
1.700164347413039000e+15
1.700164347453677000e+15
1.700164347494225000e+15
1.700164347535426000e+15
1.700164347575950000e+15
1.700164347617082000e+15
1.700164347657734000e+15
1.700164347698919000e+15
1.700164347740215000e+15
1.700164347780904000e+15
1.700164347821404000e+15
1.700164347862021000e+15
1.700164347903885000e+15
1.700164347944384000e+15
1.700164347984868000e+15
1.700164348025353000e+15
1.700164348066239000e+15
1.700164348106805000e+15
1.700164348147284000e+15
1.700164348187746000e+15
1.700164348228225000e+15
1.700164348269031000e+15
1.700164348309543000e+15
1.700164348350034000e+15
1.700164348390515000e+15
1.700164348431802000e+15
1.700164348472433000e+15
1.700164348512964000e+15
1.700164348553450000e+15
1.700164348595082000e+15
1.700164348635552000e+15
1.700164348676172000e+15
1.700164348716697000e+15
1.700164348757832000e+15
1.700164348798309000e+15
1.700164348838802000e+15
1.700164348879419000e+15
1.700164348919926000e+15
1.700164348960656000e+15
1.700164349001144000e+15
1.700164349041625000e+15
1.700164349082269000e+15
1.700164349123416000e+15
1.700164349163904000e+15
1.700164349204393000e+15
1.700164349244872000e+15
1.700164349285488000e+15
1.700164349326594000e+15
1.700164349367078000e+15
1.700164349407550000e+15
1.700164349448038000e+15
1.700164349488979000e+15
1.700164349529486000e+15
1.700164349569970000e+15
1.700164349610459000e+15
1.700164349650943000e+15
1.700164349691809000e+15
1.700164349732334000e+15
1.700164349772826000e+15
1.700164349813301000e+15
1.700164349854552000e+15
1.700164349895176000e+15
1.700164349935706000e+15
1.700164349976188000e+15
1.700164350016673000e+15
1.700164350057398000e+15
1.700164350093430000e+15
1.700164350133953000e+15
1.700164350174438000e+15
1.700164350215501000e+15
1.700164350255985000e+15
1.700164350296602000e+15
1.700164350337111000e+15
1.700164350377591000e+15
1.700164350418586000e+15
1.700164350459071000e+15
1.700164350499682000e+15
1.700164350540203000e+15
1.700164350580687000e+15
1.700164350621538000e+15
1.700164350662024000e+15
1.700164350702642000e+15
1.700164350743156000e+15
1.700164350783654000e+15
1.700164350824138000e+15
1.700164350864618000e+15
1.700164350905223000e+15
1.700164350945737000e+15
1.700164350986224000e+15
1.700164351026711000e+15
1.700164351069393000e+15
1.700164351110015000e+15
1.700164351150912000e+15
1.700164351191406000e+15
1.700164351232813000e+15
1.700164351274119000e+15
1.700164351314737000e+15
1.700164351355250000e+15
1.700164351395740000e+15
1.700164351436217000e+15
1.700164351476991000e+15
1.700164351517602000e+15
1.700164351558112000e+15
1.700164351598599000e+15
1.700164351639698000e+15
1.700164351680192000e+15
1.700164351720811000e+15
1.700164351761351000e+15
1.700164351803020000e+15
1.700164351843500000e+15
1.700164351883990000e+15
1.700164351924604000e+15
1.700164351965770000e+15
1.700164352006265000e+15
1.700164352046750000e+15
1.700164352090598000e+15
1.700164352131213000e+15
1.700164352172241000e+15
1.700164352212734000e+15
1.700164352253245000e+15
1.700164352293732000e+15
1.700164352334695000e+15
1.700164352375258000e+15
1.700164352415806000e+15
1.700164352456328000e+15
1.700164352498009000e+15
1.700164352538668000e+15
1.700164352579229000e+15
1.700164352619751000e+15
1.700164352660789000e+15
1.700164352701310000e+15
1.700164352742039000e+15
1.700164352782616000e+15
1.700164352824075000e+15
1.700164352864585000e+15
1.700164352905118000e+15
1.700164352945779000e+15
1.700164352986809000e+15
1.700164353027331000e+15
1.700164353067862000e+15
1.700164353106025000e+15
1.700164353147772000e+15
1.700164353188282000e+15
1.700164353228778000e+15
1.700164353269257000e+15
1.700164353310515000e+15
1.700164353351131000e+15
1.700164353391653000e+15
1.700164353432135000e+15
1.700164353472616000e+15
1.700164353513709000e+15
1.700164353554326000e+15
1.700164353594845000e+15
1.700164353635318000e+15
1.700164353676291000e+15
1.700164353716770000e+15
1.700164353757391000e+15
1.700164353797910000e+15
1.700164353838402000e+15
1.700164353879024000e+15
1.700164353919510000e+15
1.700164353960136000e+15
1.700164354000660000e+15
1.700164354041130000e+15
1.700164354083451000e+15
1.700164354125079000e+15
1.700164354165702000e+15
1.700164354206221000e+15
1.700164354246785000e+15
1.700164354287272000e+15
1.700164354327752000e+15
1.700164354369467000e+15
1.700164354409995000e+15
1.700164354450476000e+15
1.700164354490962000e+15
1.700164354531445000e+15
1.700164354572186000e+15
1.700164354612706000e+15
1.700164354653201000e+15
1.700164354693665000e+15
1.700164354734903000e+15
1.700164354775534000e+15
1.700164354816046000e+15
1.700164354856524000e+15
1.700164354897006000e+15
1.700164354938287000e+15
1.700164354978907000e+15
1.700164355019431000e+15
1.700164355060953000e+15
1.700164355100509000e+15
1.700164355140995000e+15
1.700164355181608000e+15
1.700164355222125000e+15
1.700164355262818000e+15
1.700164355303298000e+15
1.700164355343779000e+15
1.700164355384445000e+15
1.700164355425601000e+15
1.700164355466149000e+15
1.700164355506674000e+15
1.700164355547196000e+15
1.700164355588869000e+15
1.700164355629416000e+15
1.700164355669942000e+15
1.700164355710465000e+15
1.700164355751656000e+15
1.700164355792311000e+15
1.700164355832857000e+15
1.700164355873383000e+15
1.700164355914946000e+15
1.700164355955445000e+15
1.700164355996074000e+15
1.700164356036610000e+15
1.700164356079073000e+15
1.700164356119550000e+15
1.700164356160030000e+15
1.700164356200658000e+15
1.700164356241176000e+15
1.700164356282232000e+15
1.700164356322718000e+15
1.700164356363212000e+15
1.700164356403821000e+15
1.700164356444846000e+15
1.700164356485346000e+15
1.700164356525822000e+15
1.700164356566302000e+15
1.700164356607946000e+15
1.700164356648462000e+15
1.700164356688959000e+15
1.700164356729440000e+15
1.700164356770653000e+15
1.700164356811279000e+15
1.700164356851792000e+15
1.700164356892282000e+15
1.700164356932754000e+15
1.700164356973598000e+15
1.700164357014229000e+15
1.700164357054749000e+15
1.700164357094809000e+15
1.700164357135839000e+15
1.700164357176329000e+15
1.700164357216952000e+15
1.700164357257471000e+15
1.700164357297972000e+15
1.700164357338451000e+15
1.700164357378927000e+15
1.700164357419544000e+15
1.700164357460063000e+15
1.700164357500554000e+15
1.700164357541541000e+15
1.700164357582055000e+15
1.700164357622669000e+15
1.700164357663181000e+15
1.700164357704556000e+15
1.700164357745038000e+15
1.700164357785532000e+15
1.700164357826155000e+15
1.700164357866975000e+15
1.700164357907464000e+15
1.700164357947942000e+15
1.700164357988423000e+15
1.700164358029045000e+15
1.700164358069943000e+15
1.700164358110457000e+15
1.700164358150948000e+15
1.700164358191431000e+15
1.700164358232609000e+15
1.700164358273116000e+15
1.700164358313613000e+15
1.700164358354093000e+15
1.700164358394590000e+15
1.700164358435424000e+15
1.700164358475936000e+15
1.700164358516460000e+15
1.700164358556943000e+15
1.700164358598170000e+15
1.700164358638794000e+15
1.700164358679319000e+15
1.700164358719802000e+15
1.700164358760282000e+15
1.700164358801038000e+15
1.700164358841665000e+15
1.700164358882176000e+15
1.700164358922675000e+15
1.700164358963785000e+15
1.700164359004262000e+15
1.700164359044893000e+15
1.700164359083507000e+15
1.700164359124000000e+15
1.700164359165303000e+15
1.700164359205795000e+15
1.700164359246413000e+15
1.700164359286930000e+15
1.700164359327457000e+15
1.700164359367947000e+15
1.700164359408420000e+15
1.700164359449040000e+15
1.700164359490716000e+15
1.700164359531213000e+15
1.700164359571694000e+15
1.700164359612180000e+15
1.700164359653485000e+15
1.700164359694012000e+15
1.700164359734497000e+15
1.700164359774980000e+15
1.700164359815465000e+15
1.700164359856532000e+15
1.700164359897062000e+15
1.700164359937563000e+15
1.700164359978043000e+15
1.700164360019051000e+15
1.700164360059658000e+15
1.700164360100046000e+15
1.700164360140543000e+15
1.700164360181024000e+15
1.700164360221777000e+15
1.700164360262390000e+15
1.700164360302899000e+15
1.700164360343381000e+15
1.700164360384466000e+15
1.700164360424947000e+15
1.700164360465609000e+15
1.700164360506187000e+15
1.700164360546724000e+15
1.700164360588058000e+15
1.700164360628584000e+15
1.700164360669257000e+15
1.700164360709808000e+15
1.700164360750349000e+15
1.700164360790869000e+15
1.700164360831391000e+15
1.700164360872056000e+15
1.700164360912622000e+15
1.700164360953134000e+15
1.700164360993645000e+15
1.700164361034156000e+15
1.700164361075594000e+15
1.700164361116161000e+15
1.700164361156690000e+15
1.700164361197207000e+15
1.700164361237730000e+15
1.700164361278381000e+15
1.700164361319898000e+15
1.700164361360391000e+15
1.700164361400870000e+15
1.700164361442406000e+15
1.700164361483032000e+15
1.700164361523550000e+15
1.700164361564051000e+15
1.700164361604518000e+15
1.700164361645378000e+15
1.700164361686016000e+15
1.700164361726541000e+15
1.700164361767023000e+15
1.700164361808052000e+15
1.700164361848524000e+15
1.700164361889134000e+15
1.700164361929658000e+15
1.700164361970157000e+15
1.700164362011489000e+15
1.700164362051975000e+15
1.700164362092850000e+15
1.700164362134223000e+15
1.700164362174715000e+15
1.700164362215193000e+15
1.700164362255669000e+15
1.700164362296300000e+15
1.700164362337148000e+15
1.700164362377632000e+15
1.700164362418111000e+15
1.700164362458590000e+15
1.700164362499893000e+15
1.700164362540413000e+15
1.700164362580915000e+15
1.700164362621398000e+15
1.700164362661878000e+15
1.700164362702905000e+15
1.700164362743443000e+15
1.700164362783938000e+15
1.700164362824418000e+15
1.700164362865518000e+15
1.700164362906147000e+15
1.700164362946670000e+15
1.700164362987159000e+15
1.700164363028770000e+15
1.700164363069259000e+15
1.700164363108597000e+15
1.700164363149126000e+15
1.700164363190178000e+15
1.700164363230670000e+15
1.700164363271151000e+15
1.700164363311791000e+15
1.700164363352310000e+15
1.700164363393308000e+15
1.700164363433775000e+15
1.700164363514782000e+15
1.700164363555739000e+15
1.700164363596277000e+15
1.700164363636788000e+15
1.700164363677309000e+15
1.700164363719040000e+15
1.700164363759679000e+15
1.700164363800215000e+15
1.700164363840730000e+15
1.700164363881820000e+15
1.700164363922399000e+15
1.700164363963046000e+15
1.700164364003574000e+15
1.700164364044073000e+15
1.700164364085943000e+15
1.700164364126430000e+15
1.700164364167057000e+15
1.700164364207578000e+15
1.700164364248065000e+15
1.700164364288544000e+15
1.700164364329040000e+15
1.700164364369650000e+15
1.700164364410152000e+15
1.700164364450631000e+15
1.700164364491110000e+15
1.700164364531581000e+15
1.700164364572197000e+15
1.700164364612709000e+15
1.700164364653196000e+15
1.700164364693712000e+15
1.700164364735310000e+15
1.700164364775926000e+15
1.700164364817276000e+15
1.700164364857756000e+15
1.700164364899094000e+15
1.700164364940122000e+15
1.700164364981063000e+15
1.700164365021574000e+15
1.700164365062064000e+15
1.700164365102576000e+15
1.700164365143063000e+15
1.700164365183680000e+15
1.700164365224206000e+15
1.700164365265321000e+15
1.700164365305799000e+15
1.700164365346281000e+15
1.700164365386909000e+15
1.700164365427437000e+15
1.700164365468157000e+15
1.700164365508636000e+15
1.700164365549120000e+15
1.700164365589743000e+15
1.700164365630904000e+15
1.700164365671393000e+15
1.700164365711880000e+15
1.700164365752364000e+15
1.700164365792981000e+15
1.700164365833726000e+15
1.700164365874216000e+15
1.700164365914694000e+15
1.700164365955171000e+15
1.700164365996467000e+15
1.700164366037003000e+15
1.700164366078846000e+15
1.700164366119343000e+15
1.700164366159818000e+15
1.700164366201210000e+15
1.700164366241730000e+15
1.700164366282222000e+15
1.700164366323845000e+15
1.700164366364336000e+15
1.700164366404944000e+15
1.700164366445453000e+15
1.700164366487161000e+15
1.700164366527687000e+15
1.700164366568220000e+15
1.700164366608890000e+15
1.700164366649918000e+15
1.700164366690447000e+15
1.700164366730969000e+15
1.700164366771498000e+15
1.700164366813232000e+15
1.700164366853793000e+15
1.700164366894323000e+15
1.700164366934853000e+15
1.700164366975970000e+15
1.700164367016642000e+15
1.700164367057210000e+15
1.700164367098268000e+15
1.700164367139807000e+15
1.700164367180334000e+15
1.700164367220998000e+15
1.700164367261563000e+15
1.700164367302751000e+15
1.700164367343239000e+15
1.700164367383724000e+15
1.700164367424346000e+15
1.700164367464866000e+15
1.700164367506456000e+15
1.700164367546930000e+15
1.700164367587423000e+15
1.700164367628045000e+15
1.700164367668709000e+15
1.700164367710284000e+15
1.700164367750773000e+15
1.700164367791902000e+15
1.700164367832525000e+15
1.700164367873802000e+15
1.700164367915081000e+15
1.700164367955571000e+15
1.700164367996047000e+15
1.700164368036666000e+15
1.700164368077291000e+15
1.700164368118055000e+15
1.700164368158537000e+15
1.700164368199013000e+15
1.700164368239639000e+15
1.700164368280768000e+15
1.700164368321255000e+15
1.700164368361731000e+15
1.700164368402219000e+15
1.700164368442843000e+15
1.700164368483614000e+15
1.700164368524112000e+15
1.700164368564602000e+15
1.700164368605088000e+15
1.700164368646337000e+15
1.700164368686845000e+15
1.700164368727333000e+15
1.700164368767806000e+15
1.700164368808288000e+15
1.700164368849626000e+15
1.700164368890156000e+15
1.700164368930642000e+15
1.700164368971125000e+15
1.700164369011937000e+15
1.700164369052553000e+15
1.700164369091103000e+15
1.700164369131600000e+15
1.700164369173240000e+15
1.700164369213718000e+15
1.700164369254346000e+15
1.700164369294862000e+15
1.700164369336030000e+15
1.700164369376510000e+15
1.700164369417002000e+15
1.700164369457629000e+15
1.700164369499329000e+15
1.700164369539826000e+15
1.700164369580311000e+15
1.700164369620805000e+15
1.700164369662068000e+15
1.700164369702581000e+15
1.700164369743066000e+15
1.700164369783547000e+15
1.700164369824027000e+15
1.700164369865228000e+15
1.700164369905738000e+15
1.700164369946221000e+15
1.700164369986711000e+15
1.700164370027655000e+15
1.700164370068283000e+15
1.700164370109856000e+15
1.700164370150343000e+15
1.700164370190819000e+15
1.700164370232161000e+15
1.700164370272793000e+15
1.700164370313314000e+15
1.700164370354718000e+15
1.700164370395251000e+15
1.700164370435790000e+15
1.700164370476454000e+15
1.700164370518101000e+15
1.700164370558642000e+15
1.700164370599168000e+15
1.700164370639681000e+15
1.700164370680338000e+15
1.700164370720927000e+15
1.700164370761459000e+15
1.700164370801988000e+15
1.700164370842516000e+15
1.700164370884223000e+15
1.700164370925940000e+15
1.700164370967309000e+15
1.700164371007961000e+15
1.700164371048485000e+15
1.700164371089892000e+15
1.700164371131346000e+15
1.700164371171881000e+15
1.700164371212386000e+15
1.700164371252922000e+15
1.700164371294096000e+15
1.700164371334660000e+15
1.700164371375193000e+15
1.700164371415648000e+15
1.700164371456112000e+15
1.700164371497500000e+15
1.700164371537983000e+15
1.700164371578445000e+15
1.700164371620086000e+15
1.700164371660537000e+15
1.700164371701129000e+15
1.700164371741614000e+15
1.700164371782063000e+15
1.700164371823082000e+15
1.700164371863538000e+15
1.700164371904125000e+15
1.700164371944625000e+15
1.700164371985657000e+15
1.700164372026117000e+15
1.700164372066561000e+15
1.700164372106067000e+15
1.700164372146567000e+15
1.700164372187544000e+15
1.700164372227988000e+15
1.700164372268428000e+15
1.700164372309019000e+15
1.700164372350178000e+15
1.700164372390639000e+15
1.700164372431092000e+15
1.700164372471555000e+15
1.700164372512156000e+15
1.700164372553097000e+15
1.700164372593559000e+15
1.700164372634024000e+15
1.700164372674485000e+15
1.700164372715750000e+15
1.700164372756234000e+15
1.700164372796695000e+15
1.700164372837139000e+15
1.700164372877589000e+15
1.700164372919334000e+15
1.700164372959833000e+15
1.700164373000294000e+15
1.700164373041802000e+15
1.700164373078013000e+15
1.700164373118615000e+15
1.700164373159112000e+15
1.700164373199572000e+15
1.700164373240424000e+15
1.700164373280880000e+15
1.700164373321461000e+15
1.700164373361954000e+15
1.700164373403111000e+15
1.700164373443566000e+15
1.700164373484020000e+15
1.700164373524606000e+15
1.700164373565104000e+15
1.700164373606023000e+15
1.700164373646467000e+15
1.700164373686917000e+15
1.700164373727504000e+15
1.700164373768930000e+15
1.700164373809389000e+15
1.700164373849849000e+15
1.700164373890300000e+15
1.700164373930878000e+15
1.700164373971359000e+15
1.700164374011814000e+15
1.700164374052276000e+15
1.700164374098050000e+15
1.700164374138633000e+15
1.700164374179770000e+15
1.700164374220234000e+15
1.700164374260675000e+15
1.700164374301122000e+15
1.700164374341693000e+15
1.700164374383131000e+15
1.700164374423590000e+15
1.700164374464035000e+15
1.700164374505199000e+15
1.700164374545786000e+15
1.700164374586277000e+15
1.700164374626736000e+15
1.700164374667220000e+15
1.700164374708084000e+15
1.700164374748669000e+15
1.700164374789150000e+15
