-1.927063422044739127e-04
-1.927063422044739127e-04
-1.927063422044739127e-04
-1.927063422044739127e-04
-1.927063422044739127e-04
-1.927063422044739127e-04
-1.927063422044739127e-04
-1.927063422044739127e-04
-1.927063422044739127e-04
-1.927063422044739127e-04
-1.927063422044739127e-04
-1.927063422044739127e-04
-1.927063422044739127e-04
-1.927063422044739127e-04
-1.927063422044739127e-04
-1.927063422044739127e-04
-1.927063422044739127e-04
-1.927063422044739127e-04
-1.927063422044739127e-04
-1.927063422044739127e-04
-1.927063422044739127e-04
-1.927063422044739127e-04
-1.927063422044739127e-04
-1.927063422044739127e-04
-1.927063422044739127e-04
-1.927063422044739127e-04
-1.927063422044739127e-04
-1.927063422044739127e-04
-1.927063422044739127e-04
-1.927063422044739127e-04
-1.927063422044739127e-04
-1.927063422044739127e-04
-1.927063422044739127e-04
-1.927063422044739127e-04
-1.927063422044739127e-04
-1.927063422044739127e-04
-1.927063422044739127e-04
-1.927063422044739127e-04
-1.927063422044739127e-04
-1.927063422044739127e-04
-1.927063422044739127e-04
-1.927063422044739127e-04
-1.927063422044739127e-04
-1.927063422044739127e-04
-1.927063422044739127e-04
-1.927063422044739127e-04
-1.927063422044739127e-04
-1.927063422044739127e-04
-1.927063422044739127e-04
-1.927063422044739127e-04
-1.927063422044739127e-04
-1.927063422044739127e-04
-1.927063422044739127e-04
-1.927063422044739127e-04
-1.927063422044739127e-04
-1.927063422044739127e-04
-1.927063422044739127e-04
-1.927063422044739127e-04
-1.927063422044739127e-04
-1.927063422044739127e-04
-1.927063422044739127e-04
-1.927063422044739127e-04
-1.927063422044739127e-04
-1.927063422044739127e-04
-1.927063422044739127e-04
-1.927063422044739127e-04
-1.927063422044739127e-04
-1.927063422044739127e-04
-1.927063422044739127e-04
-1.927063422044739127e-04
-1.927063422044739127e-04
-1.927063422044739127e-04
-1.927063422044739127e-04
-1.927063422044739127e-04
-1.927063422044739127e-04
-1.927063422044739127e-04
-1.927063422044739127e-04
-1.927063422044739127e-04
-1.927063422044739127e-04
-1.927063422044739127e-04
-1.927063422044739127e-04
-1.927063422044739127e-04
-1.927063422044739127e-04
-1.927063422044739127e-04
-1.927063422044739127e-04
-1.927063422044739127e-04
-1.927063422044739127e-04
-1.927063422044739127e-04
-1.927063422044739127e-04
-1.927063422044739127e-04
-1.927063422044739127e-04
-1.927063422044739127e-04
-1.927063422044739127e-04
-1.927063422044739127e-04
-1.927063422044739127e-04
-1.927063422044739127e-04
-1.927063422044739127e-04
-1.927063422044739127e-04
-1.927063422044739127e-04
-1.927063422044739127e-04
-1.927063422044739127e-04
-1.927063422044739127e-04
-1.927063422044739127e-04
-1.927063422044739127e-04
-1.927063422044739127e-04
-1.927063422044739127e-04
-1.927063422044739127e-04
-1.927063422044739127e-04
-1.927063422044739127e-04
-1.927063422044739127e-04
-1.927063422044739127e-04
-1.927063422044739127e-04
-1.927063422044739127e-04
-1.927063422044739127e-04
-1.927063422044739127e-04
-1.927063422044739127e-04
-1.927063422044739127e-04
-1.927063422044739127e-04
-1.927063422044739127e-04
-1.927063422044739127e-04
-1.927063422044739127e-04
-1.927063422044739127e-04
-1.927063422044739127e-04
-1.927063422044739127e-04
-1.927063422044739127e-04
-1.927063422044739127e-04
-1.927063422044739127e-04
-1.927063422044739127e-04
-1.927063422044739127e-04
-1.927063422044739127e-04
-1.927063422044739127e-04
-1.927063422044739127e-04
-1.927063422044739127e-04
-1.927063422044739127e-04
5.781190120615065098e-04
9.635317255742847919e-04
1.927063451148569584e-03
1.927063451148569584e-03
2.119769807904958725e-03
7.708253688178956509e-04
2.697888761758804321e-03
3.083301475271582603e-03
3.468713955953717232e-03
3.083301475271582603e-03
2.890595002099871635e-03
4.624952096492052078e-03
5.010365042835474014e-03
4.624952096492052078e-03
4.046833142638206482e-03
4.239539615809917450e-03
2.119769807904958725e-03
9.635317255742847919e-04
-1.156238024123013020e-03
-2.312476048246026039e-03
-2.505182521417737007e-03
-2.312476048246026039e-03
-1.927063451148569584e-03
-3.083301475271582603e-03
-4.239539615809917450e-03
-3.468713955953717232e-03
-2.890595002099871635e-03
-2.697888761758804321e-03
-2.505182521417737007e-03
-1.541650737635791302e-03
-2.697888761758804321e-03
-3.083301475271582603e-03
-9.635317255742847919e-04
5.781190120615065098e-04
3.854126844089478254e-04
1.348944380879402161e-03
2.312476048246026039e-03
-3.854126844089478254e-04
5.781190120615065098e-04
-1.927063422044739127e-04
-1.156238024123013020e-03
-1.348944380879402161e-03
-1.541650737635791302e-03
-1.156238024123013020e-03
7.708253688178956509e-04
-2.312476048246026039e-03
1.734356977976858616e-03
-1.156238024123013020e-03
5.781190120615065098e-04
-4.046833142638206482e-03
-9.635317255742847919e-04
-4.624952096492052078e-03
-1.927063422044739127e-04
-5.010365042835474014e-03
-3.661420429125428200e-03
-7.708253804594278336e-03
-5.781190004199743271e-03
-1.021343562752008438e-02
-6.359309423714876175e-03
-6.937427911907434464e-03
-6.070249527692794800e-02
-8.729597181081771851e-02
-1.227539405226707458e-01
-1.580191999673843384e-01
-2.210341840982437134e-01
-2.643930912017822266e-01
-3.152675628662109375e-01
-3.661420643329620361e-01
-4.305059909820556641e-01
-4.910157620906829834e-01
-5.507547259330749512e-01
-6.110717654228210449e-01
-6.835293769836425781e-01
-7.486641407012939453e-01
-8.137989044189453125e-01
-8.847148418426513672e-01
-9.614119529724121094e-01
-1.027510166168212891e+00
-1.065473437309265137e+00
-1.105749011039733887e+00
-1.145639300346374512e+00
-1.174737811088562012e+00
-1.206919789314270020e+00
-1.230622649192810059e+00
-1.258757710456848145e+00
-1.278992056846618652e+00
-1.298840761184692383e+00
-1.313871860504150391e+00
-1.334105968475341797e+00
-1.349715232849121094e+00
-1.364360928535461426e+00
-1.378428459167480469e+00
-1.393074154853820801e+00
-1.406370878219604492e+00
-1.418896794319152832e+00
-1.430459141731262207e+00
-1.446068406105041504e+00
-1.459365129470825195e+00
-1.471505641937255859e+00
-1.482682585716247559e+00
-1.495015859603881836e+00
-1.505036592483520508e+00
-1.514671802520751953e+00
-1.524499893188476562e+00
-1.535869598388671875e+00
-1.547239184379577637e+00
-1.557645320892333984e+00
-1.566124439239501953e+00
-1.575374364852905273e+00
-1.582889914512634277e+00
-1.589827299118041992e+00
-1.597728252410888672e+00
-1.606207370758056641e+00
-1.614686489105224609e+00
-1.623550891876220703e+00
-1.632222771644592285e+00
-1.641472697257995605e+00
-1.649373650550842285e+00
-1.660357832908630371e+00
-1.666717052459716797e+00
-1.677508711814880371e+00
-1.685602426528930664e+00
-1.693888664245605469e+00
-1.702560544013977051e+00
-1.713352084159851074e+00
-1.721831202507019043e+00
-1.728768587112426758e+00
-1.738596558570861816e+00
-1.747653841972351074e+00
-1.755554795265197754e+00
-1.766153573989868164e+00
-1.772898316383361816e+00
-1.760757803916931152e+00
-1.710654139518737793e+00
-1.688300251960754395e+00
-1.655347466468811035e+00
-1.619696855545043945e+00
-1.568629622459411621e+00
-1.522380113601684570e+00
-1.474588871002197266e+00
-1.422558307647705078e+00
-1.367829680442810059e+00
-1.304621934890747070e+00
-1.242955923080444336e+00
-1.180518984794616699e+00
-1.118467688560485840e+00
-1.046202778816223145e+00
-9.804898500442504883e-01
-9.138134717941284180e-01
-8.465589284896850586e-01
-7.690910100936889648e-01
-7.010656595230102539e-01
-6.303424239158630371e-01
-5.669420361518859863e-01
-5.018073320388793945e-01
-4.599900543689727783e-01
-4.185581803321838379e-01
-3.871470391750335693e-01
-3.540015518665313721e-01
-3.283716142177581787e-01
-3.013927340507507324e-01
-2.790387868881225586e-01
-2.599608600139617920e-01
-2.345236241817474365e-01
-2.173727452754974365e-01
-2.019562423229217529e-01
-1.857689172029495239e-01
-1.711232364177703857e-01
-1.576337814331054688e-01
-1.427953988313674927e-01
-1.302694976329803467e-01
-1.158165112137794495e-01
-1.029051840305328369e-01
-9.076468646526336670e-02
-8.132208138704299927e-02
-7.014510780572891235e-02
-6.031708419322967529e-02
-5.106718093156814575e-02
-4.374434053897857666e-02
-3.507255390286445618e-02
-2.505182288587093353e-02
-1.599462702870368958e-02
-6.166602950543165207e-03
9.635317255742847919e-04
1.002073008567094803e-02
1.927063427865505219e-02
2.948407083749771118e-02
3.661420568823814392e-02
4.451516643166542053e-02
5.492130666971206665e-02
6.513474881649017334e-02
7.284300029277801514e-02
8.190019428730010986e-02
9.076468646526336670e-02
1.004000008106231689e-01
1.104207336902618408e-01
1.187071055173873901e-01
1.294986605644226074e-01
1.383631527423858643e-01
1.497328281402587891e-01
1.557067334651947021e-01
1.639930903911590576e-01
1.730502992868423462e-01
1.846126765012741089e-01
1.936698853969573975e-01
2.025343626737594604e-01
2.092790901660919189e-01
2.160238027572631836e-01
2.738356888294219971e-01
3.010073006153106689e-01
3.370433747768402100e-01
3.701888620853424072e-01
4.359017312526702881e-01
4.827294051647186279e-01
5.328330397605895996e-01
5.925719738006591797e-01
6.552015542984008789e-01
7.107009887695312500e-01
7.791116833686828613e-01
8.421267271041870117e-01
9.062979817390441895e-01
9.573650956153869629e-01
1.016718626022338867e+00
1.052947402000427246e+00
1.093608498573303223e+00
1.127717614173889160e+00
1.160670280456542969e+00
1.189768910408020020e+00
1.217133164405822754e+00
1.241028904914855957e+00
1.262804627418518066e+00
1.283809661865234375e+00
1.302309393882751465e+00
1.320423841476440430e+00
1.335069537162780762e+00
1.349715232849121094e+00
1.366480588912963867e+00
1.380740880966186523e+00
1.390376210212707520e+00
1.402324080467224121e+00
1.414464592933654785e+00
1.425834178924560547e+00
1.435854911804199219e+00
1.445683002471923828e+00
1.455318331718444824e+00
1.464568257331848145e+00
1.472854614257812500e+00
1.480755448341369629e+00
1.488078355789184570e+00
1.496557474136352539e+00
1.504843831062316895e+00
1.511395812034606934e+00
1.517176985740661621e+00
1.522765517234802246e+00
1.525463342666625977e+00
1.529895663261413574e+00
1.534520626068115234e+00
1.540109038352966309e+00
1.544155836105346680e+00
1.549551725387573242e+00
1.554562091827392578e+00
1.558608889579772949e+00
1.561692118644714355e+00
1.565160870552062988e+00
1.568051576614379883e+00
1.571134805679321289e+00
1.578457713127136230e+00
1.582504510879516602e+00
1.584046125411987305e+00
1.588285684585571289e+00
1.594259500503540039e+00
1.595993995666503906e+00
1.597728252410888672e+00
1.601582407951354980e+00
1.601389646530151367e+00
1.603124022483825684e+00
1.606785416603088379e+00
1.607556223869323730e+00
1.608905315399169922e+00
1.609868764877319336e+00
1.614108324050903320e+00
1.611988544464111328e+00
1.614686489105224609e+00
1.616228103637695312e+00
1.620467662811279297e+00
1.621431112289428711e+00
1.623165488243103027e+00
1.625670671463012695e+00
1.627405047416687012e+00
1.628754019737243652e+00
1.631066560745239258e+00
1.633764386177062988e+00
1.635306000709533691e+00
1.638389348983764648e+00
1.641279935836791992e+00
1.643399596214294434e+00
1.643592357635498047e+00
1.643206954002380371e+00
1.642243504524230957e+00
1.640509128570556641e+00
1.642821550369262695e+00
1.645326733589172363e+00
1.647253751754760742e+00
1.647639155387878418e+00
1.648409962654113770e+00
1.649566292762756348e+00
1.649373650550842285e+00
1.650144457817077637e+00
1.652649521827697754e+00
1.653420329093933105e+00
1.656311035156250000e+00
1.657467246055603027e+00
1.661321401596069336e+00
1.663441181182861328e+00
1.664404630661010742e+00
1.665946245193481445e+00
1.668836951255798340e+00
1.669414997100830078e+00
1.669222354888916016e+00
1.669607758522033691e+00
1.670956611633300781e+00
1.671920299530029297e+00
1.673654556274414062e+00
1.675388932228088379e+00
1.674810767173767090e+00
1.676352500915527344e+00
1.677508711814880371e+00
1.678086876869201660e+00
1.678857684135437012e+00
1.680013895034790039e+00
1.680977463722229004e+00
1.681170225143432617e+00
1.669607758522033691e+00
1.620853066444396973e+00
1.597921013832092285e+00
1.557067275047302246e+00
1.521994590759277344e+00
1.465917110443115234e+00
1.419667601585388184e+00
1.363590121269226074e+00
1.315413475036621094e+00
1.256060004234313965e+00
1.198440670967102051e+00
1.130993485450744629e+00
1.069134831428527832e+00
1.006890654563903809e+00
9.427194595336914062e-01
8.687201738357543945e-01
8.006948232650756836e-01
7.342112064361572266e-01
6.650295853614807129e-01
5.943063497543334961e-01
5.293642878532409668e-01
4.890886843204498291e-01
4.459224641323089600e-01
4.091155827045440674e-01
3.802095949649810791e-01
3.497619926929473877e-01
3.216269016265869141e-01
2.973458766937255859e-01
2.724867463111877441e-01
2.518671751022338867e-01
2.331746667623519897e-01
2.167946249246597290e-01
2.008000016212463379e-01
1.853834986686706543e-01
1.705451160669326782e-01
1.568629741668701172e-01
1.454932987689971924e-01
1.314257234334945679e-01
1.208268776535987854e-01
1.104207336902618408e-01
1.025197803974151611e-01
9.461881965398788452e-02
8.132208138704299927e-02
7.072322070598602295e-02
6.089520454406738281e-02
5.203071236610412598e-02
3.834855929017066956e-02
3.044760227203369141e-02
2.023416571319103241e-02
1.040614303201436996e-02
-1.927063422044739127e-04
-7.708253804594278336e-03
-1.541650760918855667e-02
-2.370287850499153137e-02
-3.333819657564163208e-02
-4.085374251008033752e-02
-4.759846627712249756e-02
-5.954625830054283142e-02
-6.821804493665695190e-02
-7.573359459638595581e-02
-8.209290355443954468e-02
-8.922304213047027588e-02
-9.982188791036605835e-02
-1.057957783341407776e-01
-1.135040298104286194e-01
-1.208268776535987854e-01
-1.310403048992156982e-01
-1.379777342081069946e-01
-1.429881006479263306e-01
-1.508890688419342041e-01
-1.580191999673843384e-01
-1.711232364177703857e-01
-1.767117232084274292e-01
-1.873105615377426147e-01
-1.944407075643539429e-01
-1.986802369356155396e-01
-2.491692900657653809e-01
-2.813512682914733887e-01
-3.168092072010040283e-01
-3.605535626411437988e-01
-4.200998246669769287e-01
-4.678910076618194580e-01
-5.185728073120117188e-01
-5.796607136726379395e-01
-6.388215422630310059e-01
-6.968261003494262695e-01
-7.559869885444641113e-01
-8.267101645469665527e-01
-8.931939005851745605e-01
-9.477298259735107422e-01
-1.006119847297668457e+00
-1.049286007881164551e+00
-1.090717792510986328e+00
-1.127910256385803223e+00
-1.156816124916076660e+00
-1.186107516288757324e+00
-1.215591669082641602e+00
-1.241028904914855957e+00
-1.263382673263549805e+00
-1.283038854598999023e+00
-1.301923990249633789e+00
-1.320616602897644043e+00
-1.338538289070129395e+00
-1.353954672813415527e+00
-1.372840046882629395e+00
-1.387871026992797852e+00
-1.401360511779785156e+00
-1.412152051925659180e+00
-1.424485325813293457e+00
-1.434698700904846191e+00
-1.444912075996398926e+00
-1.452234983444213867e+00
-1.459750533103942871e+00
-1.472276449203491211e+00
-1.479791998863220215e+00
-1.485765814781188965e+00
-1.492125272750854492e+00
-1.498484492301940918e+00
-1.502531290054321289e+00
-1.506192803382873535e+00
-1.514864563941955566e+00
-1.520645737648010254e+00
-1.526426911354064941e+00
-1.535291433334350586e+00
-1.542421579360961914e+00
-1.548202753067016602e+00
-1.549359083175659180e+00
-1.553598523139953613e+00
-1.556103706359863281e+00
-1.557067275047302246e+00
-1.561499476432800293e+00
-1.566124439239501953e+00
-1.568051576614379883e+00
-1.571905612945556641e+00
-1.574603557586669922e+00
-1.577879548072814941e+00
-1.581926345825195312e+00
-1.585009574890136719e+00
-1.586744070053100586e+00
-1.589634537696838379e+00
-1.595415830612182617e+00
-1.599462747573852539e+00
-1.602738618850708008e+00
-1.605243802070617676e+00
-1.606400012969970703e+00
-1.609676122665405273e+00
-1.613144874572753906e+00
-1.614301085472106934e+00
-1.618540644645690918e+00
-1.621238470077514648e+00
-1.624321699142456055e+00
-1.625863313674926758e+00
-1.626634240150451660e+00
-1.629139423370361328e+00
-1.629139423370361328e+00
-1.630488276481628418e+00
-1.631837368011474609e+00
-1.633186221122741699e+00
-1.618155241012573242e+00
-1.580384612083435059e+00
-1.548009991645812988e+00
-1.507734417915344238e+00
-1.438745498657226562e+00
-1.406563639640808105e+00
-1.411188483238220215e+00
-1.433735132217407227e+00
-1.444526672363281250e+00
-1.461292147636413574e+00
-1.476708769798278809e+00
-1.488463759422302246e+00
-1.499640822410583496e+00
-1.513901114463806152e+00
-1.524499893188476562e+00
-1.535869598388671875e+00
-1.544155836105346680e+00
-1.548780798912048340e+00
-1.555718302726745605e+00
-1.563041210174560547e+00
-1.571712851524353027e+00
-1.582504510879516602e+00
-1.593874096870422363e+00
-1.605821967124938965e+00
-1.617769837379455566e+00
-1.631066560745239258e+00
-1.646482944488525391e+00
-1.659972429275512695e+00
-1.670571208000183105e+00
-1.680591940879821777e+00
-1.690998196601867676e+00
-1.699862718582153320e+00
-1.712581157684326172e+00
-1.729346632957458496e+00
-1.746883034706115723e+00
-1.766731739044189453e+00
-1.784268021583557129e+00
-1.800069928169250488e+00
-1.810283422470092773e+00
-1.826663494110107422e+00
-1.837454915046691895e+00
-1.821460247039794922e+00
-1.773861885070800781e+00
-1.755554795265197754e+00
-1.716435313224792480e+00
-1.684060692787170410e+00
-1.631066560745239258e+00
-1.590598225593566895e+00
-1.537411212921142578e+00
-1.489427328109741211e+00
-1.431037187576293945e+00
-1.376694083213806152e+00
-1.318111419677734375e+00
-1.257987022399902344e+00
-1.187841892242431641e+00
-1.124248862266540527e+00
-1.059884905815124512e+00
-9.930157661437988281e-01
-9.168967604637145996e-01
-8.585067391395568848e-01
-7.814241647720336914e-01
-7.120499610900878906e-01
-6.316913366317749023e-01
-5.783117413520812988e-01
-5.089374184608459473e-01
-4.732867777347564697e-01
-4.324330091476440430e-01
-3.979386091232299805e-01
-3.647931218147277832e-01
-3.353090584278106689e-01
-3.060176670551300049e-01
-2.828928828239440918e-01
-2.618879079818725586e-01
-2.424245774745941162e-01
-2.187217026948928833e-01
-2.004145830869674683e-01
-1.855762004852294922e-01
-1.711232364177703857e-01
-1.549358963966369629e-01
-1.404829323291778564e-01
-1.293059587478637695e-01
-1.165873333811759949e-01
-1.000145897269248962e-01
-8.845221251249313354e-02
-7.804606854915618896e-02
-6.937428563833236694e-02
-5.704107508063316345e-02
-4.451516643166542053e-02
-3.854126855731010437e-02
-2.755700796842575073e-02
-1.753627695143222809e-02
-6.744722370058298111e-03
3.468713955953717232e-03
1.348944474011659622e-02
2.640076726675033569e-02
3.487984836101531982e-02
4.393704608082771301e-02
4.971823841333389282e-02
6.205144152045249939e-02
7.072322070598602295e-02
7.997313141822814941e-02
8.941573649644851685e-02
1.004000008106231689e-01
1.109988465905189514e-01
1.214049905538558960e-01
1.306549012660980225e-01
1.402902156114578247e-01
1.491547077894210815e-01
1.599462628364562988e-01
1.693888753652572632e-01
1.797950118780136108e-01
1.890449225902557373e-01
2.000291794538497925e-01
2.113988548517227173e-01
2.243101894855499268e-01
2.349090278148651123e-01
2.963823378086090088e-01
3.249028921127319336e-01
3.622879087924957275e-01
4.027562439441680908e-01
4.599900543689727783e-01
5.135623812675476074e-01
5.646296143531799316e-01
6.176238059997558594e-01
6.825658679008483887e-01
7.396069169044494629e-01
7.979969978332519531e-01
8.629390001296997070e-01
9.149696826934814453e-01
9.758648872375488281e-01
1.014406204223632812e+00
1.053718209266662598e+00
1.088019967079162598e+00
1.117504000663757324e+00
1.151420474052429199e+00
1.176857590675354004e+00
1.200367808341979980e+00
1.225612282752990723e+00
1.247580885887145996e+00
1.267429590225219727e+00
1.289976239204406738e+00
1.308475971221923828e+00
1.324856042861938477e+00
1.341236233711242676e+00
1.359928727149963379e+00
1.373418092727661133e+00
1.388834595680236816e+00
1.405985474586486816e+00
1.419860363006591797e+00
1.432193517684936523e+00
1.446261167526245117e+00
1.456474542617797852e+00
1.468037009239196777e+00
1.480948209762573242e+00
1.490776300430297852e+00
1.503302097320556641e+00
1.514479160308837891e+00
1.523921728134155273e+00
1.534906029701232910e+00
1.545697569847106934e+00
1.555140256881713867e+00
1.564775466918945312e+00
1.575374364852905273e+00
1.586165904998779297e+00
1.592910647392272949e+00
1.600233435630798340e+00
1.610639572143554688e+00
1.621238470077514648e+00
1.631451964378356934e+00
1.640701889991760254e+00
1.650529861450195312e+00
1.659394383430480957e+00
1.668644189834594727e+00
1.678279519081115723e+00
1.686758637428283691e+00
1.696393966674804688e+00
1.706029295921325684e+00
1.714122891426086426e+00
1.722987413406372070e+00
1.733393549919128418e+00
1.741679906845092773e+00
1.752278685569763184e+00
1.761721372604370117e+00
1.771934866905212402e+00
1.783497214317321777e+00
1.793325185775756836e+00
1.805273056030273438e+00
1.815101027488708496e+00
1.797564744949340820e+00
1.749195575714111328e+00
1.727226972579956055e+00
1.694659590721130371e+00
1.656118273735046387e+00
1.603316664695739746e+00
1.561884880065917969e+00
1.513515710830688477e+00
1.454354763031005859e+00
1.397891759872436523e+00
1.341621637344360352e+00
1.283424258232116699e+00
1.214050054550170898e+00
1.151998519897460938e+00
1.089368939399719238e+00
1.023078083992004395e+00
9.479225277900695801e-01
8.812460899353027344e-01
8.118718266487121582e-01
7.409558892250061035e-01
6.629098057746887207e-01
6.018218994140625000e-01
5.347601175308227539e-01
4.952553212642669678e-01
4.484276473522186279e-01
4.112353324890136719e-01
3.805950284004211426e-01
3.495692908763885498e-01
3.237466514110565186e-01
2.959969341754913330e-01
2.746065258979797363e-01
2.570702731609344482e-01
2.347163259983062744e-01
2.154456973075866699e-01
1.981021165847778320e-01
1.801804304122924805e-01
1.630295515060424805e-01
1.476130485534667969e-01
1.331600844860076904e-01
1.225612312555313110e-01
1.073374375700950623e-01
9.384799003601074219e-02
8.016584068536758423e-02
7.014510780572891235e-02
5.684836953878402710e-02
4.451516643166542053e-02
3.487984836101531982e-02
2.582264877855777740e-02
1.695815846323966980e-02
5.010365042835474014e-03
-3.661420429125428200e-03
-1.291132438927888870e-02
-2.447370439767837524e-02
-3.545796498656272888e-02
-4.297351464629173279e-02
-5.164529755711555481e-02
-5.935355275869369507e-02
-6.821804493665695190e-02
-7.785336673259735107e-02
-8.787409216165542603e-02
-9.847293794155120850e-02
-1.081082522869110107e-01
-1.183216944336891174e-01
-1.293059587478637695e-01
-1.385558545589447021e-01
-1.497328281402587891e-01
-1.576337814331054688e-01
-1.672691106796264648e-01
-1.751700639724731445e-01
-1.857689172029495239e-01
-1.957896351814270020e-01
-2.060030698776245117e-01
-2.150602787733078003e-01
-2.256591320037841797e-01
-2.358725666999816895e-01
-2.455078810453414917e-01
-2.557213008403778076e-01
-2.659347355365753174e-01
-2.780752480030059814e-01
-2.888668179512023926e-01
-2.994656562805175781e-01
-3.104499280452728271e-01
-3.220123052597045898e-01
-3.341528177261352539e-01
-3.453297615051269531e-01
-3.561213314533233643e-01
-3.672983050346374512e-01
-3.790533542633056641e-01
-3.894594907760620117e-01
-4.016000032424926758e-01
-4.131623804569244385e-01
-4.247247576713562012e-01
-4.382142126560211182e-01
-4.517036676406860352e-01
-4.653857946395874023e-01
-4.754065275192260742e-01
-4.827294051647186279e-01
-4.463078975677490234e-01
-4.499693214893341064e-01
-4.191363155841827393e-01
-4.170165359973907471e-01
-3.813658356666564941e-01
-3.775117397308349609e-01
-3.434027135372161865e-01
-3.358871638774871826e-01
-3.029343783855438232e-01
-2.934917509555816650e-01
-2.555285990238189697e-01
-2.420391738414764404e-01
-2.048468440771102905e-01
-1.967531740665435791e-01
-1.611025035381317139e-01
-1.564775556325912476e-01
-1.237174719572067261e-01
-1.171654537320137024e-01
-8.459807932376861572e-02
-8.209290355443954468e-02
-5.010364577174186707e-02
-5.010364577174186707e-02
-2.139040455222129822e-02
-2.543723769485950470e-02
3.661420429125428200e-03
1.830710284411907196e-02
1.715086400508880615e-02
1.715086400508880615e-02
1.715086400508880615e-02
1.715086400508880615e-02
1.715086400508880615e-02
1.715086400508880615e-02
1.715086400508880615e-02
1.695815846323966980e-02
1.695815846323966980e-02
1.695815846323966980e-02
1.695815846323966980e-02
1.695815846323966980e-02
1.695815846323966980e-02
1.695815846323966980e-02
1.695815846323966980e-02
1.695815846323966980e-02
1.695815846323966980e-02
1.676545292139053345e-02
1.676545292139053345e-02
1.676545292139053345e-02
1.676545292139053345e-02
1.676545292139053345e-02
1.676545292139053345e-02
1.676545292139053345e-02
1.676545292139053345e-02
1.676545292139053345e-02
1.676545292139053345e-02
1.676545292139053345e-02
1.676545292139053345e-02
1.676545292139053345e-02
1.676545292139053345e-02
1.676545292139053345e-02
1.676545292139053345e-02
1.676545292139053345e-02
1.676545292139053345e-02
1.657274551689624786e-02
1.657274551689624786e-02
1.657274551689624786e-02
1.657274551689624786e-02
1.657274551689624786e-02
1.657274551689624786e-02
1.657274551689624786e-02
1.657274551689624786e-02
1.657274551689624786e-02
1.657274551689624786e-02
1.657274551689624786e-02
1.657274551689624786e-02
1.657274551689624786e-02
1.657274551689624786e-02
1.657274551689624786e-02
1.657274551689624786e-02
1.657274551689624786e-02
1.657274551689624786e-02
1.657274551689624786e-02
1.657274551689624786e-02
1.657274551689624786e-02
1.657274551689624786e-02
1.657274551689624786e-02
1.657274551689624786e-02
1.657274551689624786e-02
1.657274551689624786e-02
1.657274551689624786e-02
1.657274551689624786e-02
1.657274551689624786e-02
1.657274551689624786e-02
1.657274551689624786e-02
1.657274551689624786e-02
1.657274551689624786e-02
1.657274551689624786e-02
1.657274551689624786e-02
1.657274551689624786e-02
1.657274551689624786e-02
1.657274551689624786e-02
1.657274551689624786e-02
1.657274551689624786e-02
1.657274551689624786e-02
1.657274551689624786e-02
1.657274551689624786e-02
1.657274551689624786e-02
1.657274551689624786e-02
1.657274551689624786e-02
1.657274551689624786e-02
