0.000000000000000000e+00
0.000000000000000000e+00
0.000000000000000000e+00
0.000000000000000000e+00
0.000000000000000000e+00
0.000000000000000000e+00
0.000000000000000000e+00
0.000000000000000000e+00
0.000000000000000000e+00
0.000000000000000000e+00
0.000000000000000000e+00
0.000000000000000000e+00
0.000000000000000000e+00
0.000000000000000000e+00
0.000000000000000000e+00
0.000000000000000000e+00
0.000000000000000000e+00
0.000000000000000000e+00
0.000000000000000000e+00
0.000000000000000000e+00
0.000000000000000000e+00
0.000000000000000000e+00
0.000000000000000000e+00
0.000000000000000000e+00
0.000000000000000000e+00
0.000000000000000000e+00
0.000000000000000000e+00
0.000000000000000000e+00
0.000000000000000000e+00
0.000000000000000000e+00
0.000000000000000000e+00
0.000000000000000000e+00
0.000000000000000000e+00
0.000000000000000000e+00
0.000000000000000000e+00
0.000000000000000000e+00
0.000000000000000000e+00
0.000000000000000000e+00
0.000000000000000000e+00
0.000000000000000000e+00
0.000000000000000000e+00
0.000000000000000000e+00
0.000000000000000000e+00
0.000000000000000000e+00
0.000000000000000000e+00
0.000000000000000000e+00
0.000000000000000000e+00
0.000000000000000000e+00
0.000000000000000000e+00
0.000000000000000000e+00
0.000000000000000000e+00
0.000000000000000000e+00
0.000000000000000000e+00
0.000000000000000000e+00
0.000000000000000000e+00
0.000000000000000000e+00
0.000000000000000000e+00
0.000000000000000000e+00
0.000000000000000000e+00
0.000000000000000000e+00
0.000000000000000000e+00
0.000000000000000000e+00
0.000000000000000000e+00
0.000000000000000000e+00
0.000000000000000000e+00
0.000000000000000000e+00
0.000000000000000000e+00
0.000000000000000000e+00
0.000000000000000000e+00
0.000000000000000000e+00
0.000000000000000000e+00
0.000000000000000000e+00
0.000000000000000000e+00
0.000000000000000000e+00
0.000000000000000000e+00
0.000000000000000000e+00
0.000000000000000000e+00
0.000000000000000000e+00
0.000000000000000000e+00
0.000000000000000000e+00
0.000000000000000000e+00
0.000000000000000000e+00
0.000000000000000000e+00
0.000000000000000000e+00
0.000000000000000000e+00
0.000000000000000000e+00
0.000000000000000000e+00
0.000000000000000000e+00
0.000000000000000000e+00
0.000000000000000000e+00
0.000000000000000000e+00
0.000000000000000000e+00
0.000000000000000000e+00
0.000000000000000000e+00
0.000000000000000000e+00
0.000000000000000000e+00
0.000000000000000000e+00
0.000000000000000000e+00
0.000000000000000000e+00
0.000000000000000000e+00
0.000000000000000000e+00
0.000000000000000000e+00
0.000000000000000000e+00
0.000000000000000000e+00
0.000000000000000000e+00
0.000000000000000000e+00
0.000000000000000000e+00
0.000000000000000000e+00
0.000000000000000000e+00
0.000000000000000000e+00
0.000000000000000000e+00
0.000000000000000000e+00
0.000000000000000000e+00
0.000000000000000000e+00
0.000000000000000000e+00
0.000000000000000000e+00
0.000000000000000000e+00
0.000000000000000000e+00
0.000000000000000000e+00
0.000000000000000000e+00
0.000000000000000000e+00
0.000000000000000000e+00
0.000000000000000000e+00
0.000000000000000000e+00
0.000000000000000000e+00
0.000000000000000000e+00
0.000000000000000000e+00
0.000000000000000000e+00
0.000000000000000000e+00
0.000000000000000000e+00
0.000000000000000000e+00
0.000000000000000000e+00
0.000000000000000000e+00
0.000000000000000000e+00
6.728013511747121811e-03
1.203819271177053452e-02
1.821617223322391510e-02
2.579438686370849609e-02
3.440491110086441040e-02
4.286922886967658997e-02
5.245646089315414429e-02
6.238869205117225647e-02
7.256449013948440552e-02
8.302762359380722046e-02
9.353733807802200317e-02
1.041799187660217285e-01
1.152639091014862061e-01
1.263904571533203125e-01
1.376353800296783447e-01
1.487378776073455811e-01
1.604675352573394775e-01
1.719221770763397217e-01
1.833762824535369873e-01
1.950389742851257324e-01
2.067786753177642822e-01
2.184701412916183472e-01
2.300452440977096558e-01
2.418721914291381836e-01
2.537407875061035156e-01
2.652767896652221680e-01
2.770076394081115723e-01
2.887057363986968994e-01
3.004899919033050537e-01
3.122324943542480469e-01
3.247841298580169678e-01
3.362689018249511719e-01
3.478013575077056885e-01
3.589608073234558105e-01
3.702091872692108154e-01
3.809271156787872314e-01
3.914231956005096436e-01
4.014337360858917236e-01
4.113551378250122070e-01
4.205850362777709961e-01
4.297391176223754883e-01
4.382985234260559082e-01
4.468251764774322510e-01
4.548583328723907471e-01
4.627636075019836426e-01
4.699494242668151855e-01
4.770709872245788574e-01
4.838274121284484863e-01
4.904538094997406006e-01
4.963046014308929443e-01
5.022981166839599609e-01
5.076482892036437988e-01
5.130464434623718262e-01
5.179077982902526855e-01
5.228919386863708496e-01
5.273112654685974121e-01
5.317586064338684082e-01
5.357545018196105957e-01
5.367028117179870605e-01
5.399127006530761719e-01
5.424536466598510742e-01
5.440958142280578613e-01
5.467189550399780273e-01
5.490065813064575195e-01
5.513747930526733398e-01
5.535358190536499023e-01
5.559169054031372070e-01
5.581075549125671387e-01
5.602762699127197266e-01
5.624084472656250000e-01
5.643974542617797852e-01
5.663592815399169922e-01
5.682657361030578613e-01
5.698933005332946777e-01
5.715513825416564941e-01
5.772171020507812500e-01
5.819545388221740723e-01
5.869755744934082031e-01
5.918089747428894043e-01
5.968036651611328125e-01
6.011871695518493652e-01
6.054662466049194336e-01
6.094883084297180176e-01
6.133887767791748047e-01
6.169494986534118652e-01
6.204025745391845703e-01
6.235054731369018555e-01
6.264813542366027832e-01
6.293356418609619141e-01
6.320309638977050781e-01
6.345345973968505859e-01
6.369392871856689453e-01
6.391757726669311523e-01
6.412448883056640625e-01
6.431123018264770508e-01
6.448884606361389160e-01
6.465008854866027832e-01
6.479614973068237305e-01
6.492481827735900879e-01
6.504163742065429688e-01
6.514503955841064453e-01
6.523447632789611816e-01
6.531134843826293945e-01
6.537745594978332520e-01
6.543153524398803711e-01
6.547349095344543457e-01
6.550082564353942871e-01
6.551631689071655273e-01
6.552151441574096680e-01
6.551651954650878906e-01
6.550375819206237793e-01
6.548410058021545410e-01
6.545714735984802246e-01
6.542302370071411133e-01
6.538191437721252441e-01
6.533471345901489258e-01
6.528037190437316895e-01
6.522217392921447754e-01
6.516057848930358887e-01
6.509239673614501953e-01
6.502281427383422852e-01
6.494739055633544922e-01
6.487188935279846191e-01
6.479456424713134766e-01
6.471499204635620117e-01
6.463336348533630371e-01
6.454976201057434082e-01
6.446688771247863770e-01
6.438310742378234863e-01
6.430047154426574707e-01
6.421825289726257324e-01
6.419752836227416992e-01
6.412733197212219238e-01
6.407838463783264160e-01
6.405425071716308594e-01
6.402204632759094238e-01
6.400260925292968750e-01
6.398973464965820312e-01
6.399018764495849609e-01
6.400253772735595703e-01
6.402578353881835938e-01
6.405980587005615234e-01
6.410902142524719238e-01
6.417399048805236816e-01
6.424558758735656738e-01
6.433296799659729004e-01
6.443287134170532227e-01
6.455038189888000488e-01
6.466955542564392090e-01
6.482039093971252441e-01
6.497861146926879883e-01
6.514706611633300781e-01
6.576381325721740723e-01
6.635920405387878418e-01
6.712371706962585449e-01
6.795013546943664551e-01
6.886500716209411621e-01
6.978372931480407715e-01
7.075372934341430664e-01
7.175050377845764160e-01
7.277194857597351074e-01
7.378973960876464844e-01
7.484719753265380859e-01
7.594318389892578125e-01
7.704521417617797852e-01
7.815954089164733887e-01
7.928064465522766113e-01
8.040097951889038086e-01
8.154197931289672852e-01
8.268121480941772461e-01
8.384294509887695312e-01
8.499312400817871094e-01
8.615919351577758789e-01
8.733560442924499512e-01
8.851351737976074219e-01
8.968505859375000000e-01
9.087553024291992188e-01
9.204880595207214355e-01
9.322984218597412109e-01
9.442349076271057129e-01
9.559538364410400391e-01
9.674355983734130859e-01
9.786385893821716309e-01
9.895573854446411133e-01
1.000017285346984863e+00
1.010157585144042969e+00
1.020033001899719238e+00
1.029499888420104980e+00
1.038639187812805176e+00
1.047606229782104492e+00
1.056134581565856934e+00
1.064390420913696289e+00
1.072221517562866211e+00
1.079696536064147949e+00
1.086879253387451172e+00
1.093783736228942871e+00
1.100408911705017090e+00
1.106716632843017578e+00
1.112804889678955078e+00
1.118598937988281250e+00
1.124079465866088867e+00
1.129406332969665527e+00
1.134294867515563965e+00
1.139124393463134766e+00
1.143538713455200195e+00
1.147733688354492188e+00
1.148659944534301758e+00
1.152039408683776855e+00
1.154491543769836426e+00
1.156156063079833984e+00
1.158702969551086426e+00
1.160639643669128418e+00
1.163017272949218750e+00
1.165072321891784668e+00
1.167186737060546875e+00
1.169003009796142578e+00
1.171011090278625488e+00
1.172648787498474121e+00
1.174393653869628906e+00
1.175939559936523438e+00
1.181424140930175781e+00
1.185881018638610840e+00
1.190835118293762207e+00
1.195472359657287598e+00
1.200366973876953125e+00
1.204964995384216309e+00
1.209389925003051758e+00
1.213586807250976562e+00
1.217647433280944824e+00
1.221430778503417969e+00
1.225033402442932129e+00
1.228440880775451660e+00
1.231692314147949219e+00
1.234708189964294434e+00
1.237495183944702148e+00
1.240155816078186035e+00
1.242640256881713867e+00
1.245011568069458008e+00
1.247198581695556641e+00
1.249305009841918945e+00
1.251288414001464844e+00
1.253104090690612793e+00
1.254780769348144531e+00
1.256368160247802734e+00
1.257838845252990723e+00
1.259196162223815918e+00
1.260458827018737793e+00
1.261618494987487793e+00
1.262686371803283691e+00
1.263653039932250977e+00
1.264542341232299805e+00
1.265334725379943848e+00
1.266032576560974121e+00
1.266679525375366211e+00
1.267253160476684570e+00
1.267798423767089844e+00
1.268276929855346680e+00
1.268711090087890625e+00
1.269072651863098145e+00
1.269388794898986816e+00
1.269641757011413574e+00
1.269832253456115723e+00
1.269976735115051270e+00
1.270084381103515625e+00
1.270151257514953613e+00
1.270183563232421875e+00
1.270179510116577148e+00
1.270088434219360352e+00
1.269949555397033691e+00
1.269792318344116211e+00
1.269583702087402344e+00
1.269302487373352051e+00
1.269001841545104980e+00
1.268681168556213379e+00
1.268312096595764160e+00
1.267948746681213379e+00
1.267516374588012695e+00
1.267116546630859375e+00
1.266671419143676758e+00
1.266238093376159668e+00
1.265766501426696777e+00
1.265266895294189453e+00
1.264778614044189453e+00
1.264272451400756836e+00
1.263736605644226074e+00
1.263149499893188477e+00
1.262552857398986816e+00
1.261936664581298828e+00
1.261294960975646973e+00
1.260625004768371582e+00
1.259940147399902344e+00
1.259220361709594727e+00
1.258479475975036621e+00
1.257704257965087891e+00
1.256891727447509766e+00
1.256053090095520020e+00
1.255194902420043945e+00
1.254323601722717285e+00
1.253462195396423340e+00
1.252615213394165039e+00
1.251809477806091309e+00
1.250937819480895996e+00
1.250051021575927734e+00
1.249148011207580566e+00
1.248238921165466309e+00
1.247331023216247559e+00
1.246442437171936035e+00
1.245579600334167480e+00
1.244714260101318359e+00
1.243865251541137695e+00
1.243031382560729980e+00
1.242203474044799805e+00
1.241380214691162109e+00
1.240557193756103516e+00
1.239750027656555176e+00
1.238960742950439453e+00
1.238184452056884766e+00
1.237411260604858398e+00
1.236693978309631348e+00
1.235997557640075684e+00
1.235331058502197266e+00
1.234690427780151367e+00
1.234056472778320312e+00
1.233451724052429199e+00
1.232871055603027344e+00
1.232349753379821777e+00
1.231813192367553711e+00
1.231271982192993164e+00
1.230782389640808105e+00
1.230293989181518555e+00
1.229840397834777832e+00
1.229759812355041504e+00
1.229388356208801270e+00
1.229144930839538574e+00
1.229076981544494629e+00
1.229002118110656738e+00
1.229026913642883301e+00
1.229157328605651855e+00
1.229381442070007324e+00
1.229669094085693359e+00
1.230134844779968262e+00
1.230641722679138184e+00
1.231290698051452637e+00
1.232081055641174316e+00
1.233010172843933105e+00
1.233979821205139160e+00
1.235119938850402832e+00
1.236361980438232422e+00
1.237744212150573730e+00
1.239234089851379395e+00
1.245885372161865234e+00
1.251041412353515625e+00
1.258444070816040039e+00
1.266051769256591797e+00
1.274745225906372070e+00
1.283900141716003418e+00
1.293658494949340820e+00
1.303481459617614746e+00
1.313545346260070801e+00
1.324021458625793457e+00
1.334577202796936035e+00
1.345413804054260254e+00
1.356376767158508301e+00
1.367483258247375488e+00
1.378495454788208008e+00
1.389801025390625000e+00
1.401141405105590820e+00
1.412500143051147461e+00
1.424014210700988770e+00
1.435633301734924316e+00
1.447314262390136719e+00
1.458848357200622559e+00
1.470629930496215820e+00
1.482355237007141113e+00
1.493811845779418945e+00
1.505712509155273438e+00
1.517630696296691895e+00
1.529546141624450684e+00
1.541536450386047363e+00
1.553310036659240723e+00
1.565047740936279297e+00
1.576560735702514648e+00
1.587960124015808105e+00
1.598837614059448242e+00
1.609548687934875488e+00
1.619765281677246094e+00
1.629751801490783691e+00
1.639214038848876953e+00
1.648391485214233398e+00
1.657243728637695312e+00
1.665883898735046387e+00
1.674033999443054199e+00
1.681751966476440430e+00
1.689267277717590332e+00
1.696572065353393555e+00
1.703567385673522949e+00
1.710100531578063965e+00
1.716439127922058105e+00
1.722380757331848145e+00
1.728400707244873047e+00
1.733787178993225098e+00
1.739152908325195312e+00
1.744077444076538086e+00
1.748934745788574219e+00
1.753441572189331055e+00
1.757781624794006348e+00
1.758909940719604492e+00
1.762409090995788574e+00
1.764949560165405273e+00
1.766584873199462891e+00
1.769115567207336426e+00
1.771245360374450684e+00
1.773670315742492676e+00
1.775586843490600586e+00
1.777754306793212891e+00
1.779723763465881348e+00
1.781783223152160645e+00
1.783632636070251465e+00
1.785336971282958984e+00
1.787118077278137207e+00
1.792696952819824219e+00
1.797381043434143066e+00
1.802519321441650391e+00
1.807269930839538574e+00
1.812381625175476074e+00
1.817024946212768555e+00
1.821564078330993652e+00
1.825836300849914551e+00
1.829906940460205078e+00
1.833689451217651367e+00
1.837277412414550781e+00
1.840558528900146484e+00
1.843731641769409180e+00
1.846762061119079590e+00
1.849588036537170410e+00
1.852243542671203613e+00
1.854742527008056641e+00
1.857025623321533203e+00
1.859123468399047852e+00
1.861089706420898438e+00
1.862950205802917480e+00
1.864632129669189453e+00
1.866224169731140137e+00
1.867698192596435547e+00
1.869082570075988770e+00
1.870390415191650391e+00
1.871533155441284180e+00
1.872617959976196289e+00
1.873632788658142090e+00
1.874565720558166504e+00
1.875419855117797852e+00
1.876240491867065430e+00
1.877005815505981445e+00
1.877666592597961426e+00
1.878259420394897461e+00
1.878785848617553711e+00
1.879207134246826172e+00
1.879542350769042969e+00
1.879813194274902344e+00
1.880069613456726074e+00
1.880270719528198242e+00
1.880443930625915527e+00
1.880604982376098633e+00
1.880715966224670410e+00
1.880770206451416016e+00
1.880802750587463379e+00
1.880789637565612793e+00
1.880744338035583496e+00
1.880660057067871094e+00
1.880527973175048828e+00
1.880357027053833008e+00
1.880168437957763672e+00
1.879942536354064941e+00
1.879648685455322266e+00
1.879305124282836914e+00
1.878926157951354980e+00
1.878514647483825684e+00
1.878095507621765137e+00
1.877628087997436523e+00
1.877125740051269531e+00
1.876597285270690918e+00
1.876035809516906738e+00
1.875433802604675293e+00
1.874797463417053223e+00
1.874148964881896973e+00
1.873491883277893066e+00
1.872792840003967285e+00
1.872106432914733887e+00
1.871401071548461914e+00
1.870677113533020020e+00
1.870028972625732422e+00
1.869574189186096191e+00
1.869457364082336426e+00
1.869718194007873535e+00
1.870444297790527344e+00
1.871985197067260742e+00
1.873958349227905273e+00
1.875956058502197266e+00
1.877650022506713867e+00
1.879196047782897949e+00
1.880537509918212891e+00
1.881698727607727051e+00
1.882694005966186523e+00
1.883554220199584961e+00
1.884245276451110840e+00
1.884792685508728027e+00
1.885195612907409668e+00
1.885486602783203125e+00
1.885727763175964355e+00
1.885889291763305664e+00
1.885969758033752441e+00
1.885960578918457031e+00
1.885847330093383789e+00
1.885628700256347656e+00
1.885315656661987305e+00
1.884915232658386230e+00
1.884413719177246094e+00
1.883810043334960938e+00
1.883124232292175293e+00
1.882393717765808105e+00
1.881622672080993652e+00
1.880819797515869141e+00
1.879948019981384277e+00
1.879063367843627930e+00
1.878107070922851562e+00
1.877110481262207031e+00
1.876111030578613281e+00
1.875055551528930664e+00
1.873931884765625000e+00
1.872814774513244629e+00
1.872533202171325684e+00
1.871603608131408691e+00
1.870951056480407715e+00
1.870585918426513672e+00
1.870074391365051270e+00
1.869751811027526855e+00
1.869431972503662109e+00
1.869283318519592285e+00
1.869232773780822754e+00
1.869311094284057617e+00
1.869521856307983398e+00
1.869858980178833008e+00
1.870311021804809570e+00
1.870887398719787598e+00
1.871660232543945312e+00
1.872537136077880859e+00
1.873475790023803711e+00
1.874621748924255371e+00
1.875902891159057617e+00
1.877280116081237793e+00
1.878705859184265137e+00
1.880366206169128418e+00
1.886692166328430176e+00
1.892542719841003418e+00
1.899926662445068359e+00
1.907746553421020508e+00
1.916772603988647461e+00
1.925854921340942383e+00
1.935649752616882324e+00
1.945738077163696289e+00
1.956030249595642090e+00
1.966401457786560059e+00
1.977190971374511719e+00
1.988015770912170410e+00
1.999026179313659668e+00
2.010089397430419922e+00
2.021319150924682617e+00
2.032726764678955078e+00
2.044130563735961914e+00
2.055533647537231445e+00
2.067036867141723633e+00
2.078528881072998047e+00
2.090180873870849609e+00
2.101779937744140625e+00
2.113518714904785156e+00
2.125186204910278320e+00
2.137062311172485352e+00
2.148802995681762695e+00
2.160944938659667969e+00
2.172679662704467773e+00
2.184336185455322266e+00
2.195641756057739258e+00
2.206673145294189453e+00
2.217421531677246094e+00
2.227679491043090820e+00
2.237894535064697266e+00
2.247564315795898438e+00
2.256730794906616211e+00
2.265863418579101562e+00
2.274376153945922852e+00
2.282796144485473633e+00
2.290612220764160156e+00
2.298319339752197266e+00
2.305574178695678711e+00
2.312665224075317383e+00
2.319289684295654297e+00
2.325847625732421875e+00
2.331797122955322266e+00
2.337743520736694336e+00
2.343192815780639648e+00
2.348472595214843750e+00
2.353479623794555664e+00
2.358331203460693359e+00
2.362836837768554688e+00
2.367229461669921875e+00
2.371718168258666992e+00
2.374490499496459961e+00
2.376064538955688477e+00
2.378327608108520508e+00
2.380560159683227539e+00
2.383023738861083984e+00
2.385119915008544922e+00
2.387162685394287109e+00
2.389145135879516602e+00
2.391064643859863281e+00
2.392755031585693359e+00
2.394482851028442383e+00
2.400258064270019531e+00
2.405131816864013672e+00
2.410208940505981445e+00
2.415334701538085938e+00
2.420560121536254883e+00
2.425586223602294922e+00
2.430424928665161133e+00
2.435062408447265625e+00
2.439439773559570312e+00
2.443585872650146484e+00
2.447655916213989258e+00
2.451434373855590820e+00
2.454981088638305664e+00
2.458415985107421875e+00
2.461636781692504883e+00
2.464647531509399414e+00
2.467476129531860352e+00
2.470136404037475586e+00
2.472587108612060547e+00
2.474882125854492188e+00
2.477006196975708008e+00
2.478919267654418945e+00
2.480709075927734375e+00
2.482343435287475586e+00
2.483785629272460938e+00
2.485124111175537109e+00
2.486336946487426758e+00
2.487430334091186523e+00
2.488349199295043945e+00
2.489146709442138672e+00
2.489811658859252930e+00
2.490360975265502930e+00
2.490785360336303711e+00
2.491080999374389648e+00
2.491267442703247070e+00
2.491336584091186523e+00
2.491285085678100586e+00
2.491114616394042969e+00
2.490881443023681641e+00
2.490573167800903320e+00
2.490182638168334961e+00
2.489694595336914062e+00
2.489140272140502930e+00
2.488512992858886719e+00
2.487835884094238281e+00
2.487115144729614258e+00
2.486342430114746094e+00
2.485533475875854492e+00
2.484694242477416992e+00
2.483824014663696289e+00
2.482936382293701172e+00
2.482070922851562500e+00
2.481153011322021484e+00
2.480199098587036133e+00
2.479239702224731445e+00
2.478318452835083008e+00
2.477325677871704102e+00
2.476381063461303711e+00
2.475398540496826172e+00
2.474455833435058594e+00
2.474207162857055664e+00
2.473413944244384766e+00
2.472849607467651367e+00
2.472557544708251953e+00
2.472123146057128906e+00
2.471877098083496094e+00
2.471642017364501953e+00
2.471576452255249023e+00
2.471599102020263672e+00
2.471731901168823242e+00
2.472004175186157227e+00
2.472429037094116211e+00
2.472999334335327148e+00
2.473677635192871094e+00
2.474479675292968750e+00
2.475482940673828125e+00
2.476555109024047852e+00
2.477830648422241211e+00
2.479223251342773438e+00
2.480814933776855469e+00
2.482399463653564453e+00
2.488823413848876953e+00
2.494473218917846680e+00
2.501672744750976562e+00
2.509515523910522461e+00
2.518207788467407227e+00
2.527242660522460938e+00
2.536837339401245117e+00
2.546857118606567383e+00
2.557157039642333984e+00
2.567578554153442383e+00
2.578399896621704102e+00
2.589224576950073242e+00
2.600324153900146484e+00
2.611385583877563477e+00
2.622635602951049805e+00
2.633926153182983398e+00
2.645516872406005859e+00
2.656983375549316406e+00
2.668599605560302734e+00
2.680156469345092773e+00
2.692095756530761719e+00
2.703647851943969727e+00
2.715340375900268555e+00
2.727085590362548828e+00
2.738857746124267578e+00
2.750497579574584961e+00
2.762436151504516602e+00
2.774169683456420898e+00
2.785826206207275391e+00
2.797238349914550781e+00
2.808564186096191406e+00
2.819398164749145508e+00
2.829943895339965820e+00
2.840332746505737305e+00
2.850167512893676758e+00
2.859880685806274414e+00
2.869017362594604492e+00
2.878148078918457031e+00
2.886762619018554688e+00
2.894968271255493164e+00
2.902888774871826172e+00
2.910474061965942383e+00
2.917787551879882812e+00
2.924597501754760742e+00
2.931548118591308594e+00
2.937626123428344727e+00
2.943686008453369141e+00
2.949342727661132812e+00
2.954807519912719727e+00
2.960036754608154297e+00
2.964974164962768555e+00
2.969702959060668945e+00
2.974178552627563477e+00
2.978389978408813477e+00
2.982522249221801758e+00
2.986326694488525391e+00
2.989963293075561523e+00
2.993430376052856445e+00
2.996745347976684570e+00
2.999714612960815430e+00
3.002716064453125000e+00
3.005550622940063477e+00
3.008179426193237305e+00
3.010675668716430664e+00
3.013048410415649414e+00
3.015141963958740234e+00
3.017265558242797852e+00
3.019242525100708008e+00
3.021111249923706055e+00
3.022855758666992188e+00
3.024486303329467773e+00
3.025995969772338867e+00
3.027503252029418945e+00
3.028581142425537109e+00
3.030099630355834961e+00
3.030675649642944336e+00
3.031480550765991211e+00
3.032209396362304688e+00
3.032986402511596680e+00
3.033527374267578125e+00
3.034241437911987305e+00
3.034805774688720703e+00
3.035608291625976562e+00
3.036218404769897461e+00
3.037069559097290039e+00
3.037613391876220703e+00
3.038398981094360352e+00
3.039068698883056641e+00
3.039881229400634766e+00
3.040502309799194336e+00
3.041291713714599609e+00
3.041895389556884766e+00
3.042707920074462891e+00
3.043622970581054688e+00
3.044301748275756836e+00
3.044996500015258789e+00
3.045858144760131836e+00
3.046514272689819336e+00
3.047404289245605469e+00
3.048020362854003906e+00
3.048843145370483398e+00
3.049007892608642578e+00
3.049007892608642578e+00
3.049007892608642578e+00
3.049007892608642578e+00
3.049007892608642578e+00
3.049007892608642578e+00
3.049007892608642578e+00
3.049007892608642578e+00
3.049007892608642578e+00
3.049007892608642578e+00
3.049007892608642578e+00
3.049007892608642578e+00
3.049007892608642578e+00
3.049007892608642578e+00
3.049007892608642578e+00
3.049007892608642578e+00
3.049007892608642578e+00
3.049007892608642578e+00
3.049007892608642578e+00
3.049007892608642578e+00
3.049007892608642578e+00
3.049007892608642578e+00
3.049007892608642578e+00
3.049007892608642578e+00
3.049007892608642578e+00
3.049007892608642578e+00
3.049007892608642578e+00
3.049007892608642578e+00
3.049007892608642578e+00
3.049007892608642578e+00
3.049007892608642578e+00
3.049007892608642578e+00
3.049007892608642578e+00
3.049007892608642578e+00
3.049007892608642578e+00
3.049007892608642578e+00
3.049007892608642578e+00
3.049007892608642578e+00
3.049007892608642578e+00
3.049007892608642578e+00
3.049007892608642578e+00
3.049007892608642578e+00
3.049007892608642578e+00
3.049007892608642578e+00
3.049007892608642578e+00
3.049007892608642578e+00
3.049007892608642578e+00
3.049007892608642578e+00
3.049007892608642578e+00
3.049007892608642578e+00
3.049007892608642578e+00
3.049007892608642578e+00
3.049007892608642578e+00
3.049007892608642578e+00
3.049007892608642578e+00
3.049007892608642578e+00
3.049007892608642578e+00
3.049007892608642578e+00
3.049007892608642578e+00
3.049007892608642578e+00
3.049007892608642578e+00
3.049007892608642578e+00
3.049007892608642578e+00
3.049007892608642578e+00
3.049007892608642578e+00
3.049007892608642578e+00
3.049007892608642578e+00
3.049007892608642578e+00
3.049007892608642578e+00
3.049007892608642578e+00
3.049007892608642578e+00
3.049007892608642578e+00
3.049007892608642578e+00
3.049007892608642578e+00
3.049007892608642578e+00
3.049007892608642578e+00
3.049007892608642578e+00
3.049007892608642578e+00
3.049007892608642578e+00
3.049007892608642578e+00
3.049007892608642578e+00
3.049007892608642578e+00
3.049007892608642578e+00
3.049007892608642578e+00
