0.000000000000000000e+00
0.000000000000000000e+00
0.000000000000000000e+00
0.000000000000000000e+00
0.000000000000000000e+00
0.000000000000000000e+00
0.000000000000000000e+00
0.000000000000000000e+00
0.000000000000000000e+00
0.000000000000000000e+00
0.000000000000000000e+00
0.000000000000000000e+00
0.000000000000000000e+00
0.000000000000000000e+00
0.000000000000000000e+00
0.000000000000000000e+00
0.000000000000000000e+00
0.000000000000000000e+00
0.000000000000000000e+00
0.000000000000000000e+00
0.000000000000000000e+00
0.000000000000000000e+00
0.000000000000000000e+00
0.000000000000000000e+00
0.000000000000000000e+00
0.000000000000000000e+00
0.000000000000000000e+00
0.000000000000000000e+00
0.000000000000000000e+00
0.000000000000000000e+00
0.000000000000000000e+00
0.000000000000000000e+00
0.000000000000000000e+00
0.000000000000000000e+00
0.000000000000000000e+00
0.000000000000000000e+00
0.000000000000000000e+00
0.000000000000000000e+00
0.000000000000000000e+00
0.000000000000000000e+00
0.000000000000000000e+00
0.000000000000000000e+00
0.000000000000000000e+00
0.000000000000000000e+00
0.000000000000000000e+00
0.000000000000000000e+00
0.000000000000000000e+00
0.000000000000000000e+00
0.000000000000000000e+00
0.000000000000000000e+00
0.000000000000000000e+00
0.000000000000000000e+00
0.000000000000000000e+00
0.000000000000000000e+00
0.000000000000000000e+00
0.000000000000000000e+00
0.000000000000000000e+00
0.000000000000000000e+00
0.000000000000000000e+00
0.000000000000000000e+00
0.000000000000000000e+00
0.000000000000000000e+00
0.000000000000000000e+00
0.000000000000000000e+00
0.000000000000000000e+00
0.000000000000000000e+00
0.000000000000000000e+00
0.000000000000000000e+00
0.000000000000000000e+00
0.000000000000000000e+00
0.000000000000000000e+00
0.000000000000000000e+00
0.000000000000000000e+00
0.000000000000000000e+00
0.000000000000000000e+00
0.000000000000000000e+00
0.000000000000000000e+00
0.000000000000000000e+00
0.000000000000000000e+00
0.000000000000000000e+00
0.000000000000000000e+00
0.000000000000000000e+00
0.000000000000000000e+00
0.000000000000000000e+00
0.000000000000000000e+00
0.000000000000000000e+00
0.000000000000000000e+00
0.000000000000000000e+00
0.000000000000000000e+00
0.000000000000000000e+00
0.000000000000000000e+00
0.000000000000000000e+00
0.000000000000000000e+00
0.000000000000000000e+00
0.000000000000000000e+00
0.000000000000000000e+00
0.000000000000000000e+00
0.000000000000000000e+00
0.000000000000000000e+00
0.000000000000000000e+00
0.000000000000000000e+00
0.000000000000000000e+00
0.000000000000000000e+00
0.000000000000000000e+00
0.000000000000000000e+00
0.000000000000000000e+00
0.000000000000000000e+00
0.000000000000000000e+00
0.000000000000000000e+00
0.000000000000000000e+00
0.000000000000000000e+00
0.000000000000000000e+00
0.000000000000000000e+00
0.000000000000000000e+00
0.000000000000000000e+00
0.000000000000000000e+00
0.000000000000000000e+00
0.000000000000000000e+00
0.000000000000000000e+00
0.000000000000000000e+00
0.000000000000000000e+00
0.000000000000000000e+00
0.000000000000000000e+00
0.000000000000000000e+00
0.000000000000000000e+00
0.000000000000000000e+00
0.000000000000000000e+00
0.000000000000000000e+00
0.000000000000000000e+00
0.000000000000000000e+00
0.000000000000000000e+00
0.000000000000000000e+00
0.000000000000000000e+00
0.000000000000000000e+00
-1.296530854233424179e-06
1.773385292835882865e-06
7.726067451585549861e-06
2.232978658867068589e-05
3.892283712048083544e-05
5.686526856152340770e-05
6.425534957088530064e-05
9.105147182708606124e-05
1.224266161443665624e-04
1.587203732924535871e-04
1.911250874400138855e-04
2.218885638285428286e-04
2.731518470682203770e-04
3.289003798272460699e-04
3.809079644270241261e-04
4.258381668478250504e-04
4.755668342113494873e-04
4.998481017537415028e-04
5.108845070935785770e-04
4.973996547050774097e-04
4.702518344856798649e-04
4.409625253174453974e-04
4.141953249927610159e-04
3.914040280506014824e-04
3.548094828147441149e-04
3.059018636122345924e-04
2.652107214089483023e-04
2.313961886102333665e-04
1.996034989133477211e-04
1.701863220660015941e-04
1.508360583102330565e-04
1.198513564304448664e-04
8.429317676927894354e-05
7.354068657150492072e-05
8.004358824109658599e-05
8.417441131314262748e-05
9.833305375650525093e-05
1.214822041220031679e-04
1.176583755295723677e-04
1.229943445650860667e-04
1.212302959174849093e-04
1.113335893023759127e-04
9.983158815884962678e-05
8.744726073928177357e-05
7.830687536625191569e-05
8.384588727494701743e-05
6.737741932738572359e-05
7.909547275630757213e-05
7.143377297325059772e-05
7.481623470084741712e-05
5.056139343651011586e-05
4.540634836303070188e-05
2.043987478828057647e-05
1.950306432263460010e-05
-5.469436473504174501e-06
-2.165055047953501344e-05
-5.593265450443141162e-05
-7.903407095000147820e-05
-8.872000034898519516e-05
-1.091328376787714660e-04
-1.267608167836442590e-04
-2.265664661535993218e-04
-4.561374662443995476e-04
-7.383712218143045902e-04
-1.115735969506204128e-03
-1.601324765942990780e-03
-2.245959592983126640e-03
-2.960433717817068100e-03
-3.791991621255874634e-03
-4.771151114255189896e-03
-5.834675393998622894e-03
-7.039507851004600525e-03
-8.375027216970920563e-03
-9.700721129775047302e-03
-1.124122552573680878e-02
-1.723829098045825958e-02
-2.302432060241699219e-02
-3.021779097616672516e-02
-3.822136297821998596e-02
-4.724948480725288391e-02
-5.598595365881919861e-02
-6.543676555156707764e-02
-7.505530864000320435e-02
-8.529714494943618774e-02
-9.535759687423706055e-02
-1.060623303055763245e-01
-1.163921877741813660e-01
-1.270636618137359619e-01
-1.379276365041732788e-01
-1.491016149520874023e-01
-1.602408885955810547e-01
-1.717235893011093140e-01
-1.832059919834136963e-01
-1.947255581617355347e-01
-2.059803605079650879e-01
-2.175833880901336670e-01
-2.289976030588150024e-01
-2.406471669673919678e-01
-2.521462440490722656e-01
-2.638731002807617188e-01
-2.755774855613708496e-01
-2.873568236827850342e-01
-2.990296781063079834e-01
-3.107959926128387451e-01
-3.224684000015258789e-01
-3.344755768775939941e-01
-3.460780680179595947e-01
-3.578578531742095947e-01
-3.689852356910705566e-01
-3.798966705799102783e-01
-3.904485404491424561e-01
-4.007765948772430420e-01
-4.107830226421356201e-01
-4.204155802726745605e-01
-4.297762811183929443e-01
-4.387151002883911133e-01
-4.475502371788024902e-01
-4.557706415653228760e-01
-4.635936915874481201e-01
-4.711858630180358887e-01
-4.784179031848907471e-01
-4.854592680931091309e-01
-4.920067191123962402e-01
-4.982568025588989258e-01
-5.042608380317687988e-01
-5.099480748176574707e-01
-5.154412984848022461e-01
-5.206435918807983398e-01
-5.255895853042602539e-01
-5.302131175994873047e-01
-5.346124768257141113e-01
-5.356597304344177246e-01
-5.390855073928833008e-01
-5.416310429573059082e-01
-5.433453321456909180e-01
-5.460734367370605469e-01
-5.483670830726623535e-01
-5.509975552558898926e-01
-5.530810356140136719e-01
-5.556294918060302734e-01
-5.580383539199829102e-01
-5.603166222572326660e-01
-5.627079010009765625e-01
-5.650907754898071289e-01
-5.671958923339843750e-01
-5.693199634552001953e-01
-5.713758468627929688e-01
-5.734064579010009766e-01
-5.751851201057434082e-01
-5.771408081054687500e-01
-5.789294242858886719e-01
-5.805599093437194824e-01
-5.857659578323364258e-01
-5.901101231575012207e-01
-5.949774980545043945e-01
-5.995116233825683594e-01
-6.040442585945129395e-01
-6.081311702728271484e-01
-6.120860576629638672e-01
-6.157698035240173340e-01
-6.192499399185180664e-01
-6.224138736724853516e-01
-6.254436373710632324e-01
-6.283587217330932617e-01
-6.309916973114013672e-01
-6.334528326988220215e-01
-6.357482671737670898e-01
-6.378538012504577637e-01
-6.398255825042724609e-01
-6.416364312171936035e-01
-6.433066725730895996e-01
-6.448135375976562500e-01
-6.461700797080993652e-01
-6.473849415779113770e-01
-6.484569907188415527e-01
-6.494117975234985352e-01
-6.502482295036315918e-01
-6.509567499160766602e-01
-6.515604257583618164e-01
-6.520829200744628906e-01
-6.524940729141235352e-01
-6.527817845344543457e-01
-6.529610157012939453e-01
-6.530283689498901367e-01
-6.530182957649230957e-01
-6.529166698455810547e-01
-6.527263522148132324e-01
-6.524471640586853027e-01
-6.521123647689819336e-01
-6.517129540443420410e-01
-6.512441039085388184e-01
-6.507055759429931641e-01
-6.501341462135314941e-01
-6.495205760002136230e-01
-6.488668322563171387e-01
-6.481713056564331055e-01
-6.474367380142211914e-01
-6.466844081878662109e-01
-6.458915472030639648e-01
-6.450847387313842773e-01
-6.442579627037048340e-01
-6.434217691421508789e-01
-6.426128149032592773e-01
-6.417686343193054199e-01
-6.409443020820617676e-01
-6.401215791702270508e-01
-6.399313807487487793e-01
-6.392136216163635254e-01
-6.386755108833312988e-01
-6.382079720497131348e-01
-6.374173164367675781e-01
-6.367386579513549805e-01
-6.358159780502319336e-01
-6.348587870597839355e-01
-6.337506175041198730e-01
-6.326794624328613281e-01
-6.313275098800659180e-01
-6.300690174102783203e-01
-6.285671591758728027e-01
-6.270406246185302734e-01
-6.208955645561218262e-01
-6.152059435844421387e-01
-6.081691980361938477e-01
-6.006743311882019043e-01
-5.920828580856323242e-01
-5.831899046897888184e-01
-5.738654732704162598e-01
-5.642125606536865234e-01
-5.540763735771179199e-01
-5.438285470008850098e-01
-5.333026647567749023e-01
-5.225910544395446777e-01
-5.115740299224853516e-01
-5.006121993064880371e-01
-4.897145628929138184e-01
-4.786372482776641846e-01
-4.675830006599426270e-01
-4.561389386653900146e-01
-4.447708129882812500e-01
-4.332226812839508057e-01
-4.215617179870605469e-01
-4.100423753261566162e-01
-3.985575139522552490e-01
-3.868653774261474609e-01
-3.751723170280456543e-01
-3.634702563285827637e-01
-3.516285717487335205e-01
-3.398266136646270752e-01
-3.279989361763000488e-01
-3.163393437862396240e-01
-3.043823540210723877e-01
-2.923844754695892334e-01
-2.806497812271118164e-01
-2.685967981815338135e-01
-2.566641271114349365e-01
-2.446446716785430908e-01
-2.329506874084472656e-01
-2.209885418415069580e-01
-2.092109471559524536e-01
-1.973461061716079712e-01
-1.854432374238967896e-01
-1.737116873264312744e-01
-1.618537753820419312e-01
-1.500299274921417236e-01
-1.381660401821136475e-01
-1.263829469680786133e-01
-1.145058795809745789e-01
-1.026115417480468750e-01
-9.074915945529937744e-02
-7.888202369213104248e-02
-6.695589423179626465e-02
-5.497031658887863159e-02
-4.303972795605659485e-02
-3.113672137260437012e-02
-1.915356144309043884e-02
-7.281885948032140732e-03
6.089018192142248154e-03
1.719505526125431061e-02
2.929930761456489563e-02
4.066432639956474304e-02
5.272664874792098999e-02
6.425505131483078003e-02
7.610321044921875000e-02
8.762917667627334595e-02
9.941601008176803589e-02
1.112254709005355835e-01
1.229977235198020935e-01
1.347539573907852173e-01
1.464370787143707275e-01
1.582587063312530518e-01
1.700626015663146973e-01
1.819904893636703491e-01
1.937415748834609985e-01
2.057427316904067993e-01
2.177456021308898926e-01
2.296239435672760010e-01
2.414229512214660645e-01
2.533714771270751953e-01
2.652461230754852295e-01
2.770805060863494873e-01
2.886195182800292969e-01
3.007007539272308350e-01
3.125765323638916016e-01
3.243634104728698730e-01
3.361712098121643066e-01
3.478461205959320068e-01
3.591036796569824219e-01
3.700622320175170898e-01
3.809442222118377686e-01
3.912935853004455566e-01
4.013630747795104980e-01
4.110203981399536133e-01
4.204957485198974609e-01
4.295629560947418213e-01
4.382509291172027588e-01
4.466578364372253418e-01
4.547923803329467773e-01
4.626538753509521484e-01
4.699035882949829102e-01
4.769563376903533936e-01
4.836791455745697021e-01
4.900536239147186279e-01
4.963017106056213379e-01
5.021605491638183594e-01
5.076919794082641602e-01
5.126859545707702637e-01
5.177499055862426758e-01
5.228027105331420898e-01
5.273485779762268066e-01
5.318511128425598145e-01
5.359871983528137207e-01
5.367156863212585449e-01
5.400669574737548828e-01
5.425230264663696289e-01
5.438796281814575195e-01
5.466397404670715332e-01
5.484445691108703613e-01
5.511142611503601074e-01
5.532428622245788574e-01
5.551313161849975586e-01
5.573468208312988281e-01
5.592883825302124023e-01
5.612818002700805664e-01
5.633053779602050781e-01
5.652799010276794434e-01
5.670478343963623047e-01
5.688506364822387695e-01
5.705611109733581543e-01
5.721952915191650391e-01
5.737314224243164062e-01
5.797343850135803223e-01
5.837777256965637207e-01
5.887805223464965820e-01
5.932314991950988770e-01
5.978583097457885742e-01
6.022346615791320801e-01
6.064656376838684082e-01
6.103914380073547363e-01
6.140623092651367188e-01
6.175529360771179199e-01
6.207875609397888184e-01
6.238157153129577637e-01
6.266368627548217773e-01
6.292746067047119141e-01
6.317000985145568848e-01
6.340012550354003906e-01
6.361280083656311035e-01
6.380841732025146484e-01
6.399052739143371582e-01
6.416078209877014160e-01
6.431518793106079102e-01
6.445523500442504883e-01
6.458585858345031738e-01
6.470648646354675293e-01
6.481521129608154297e-01
6.491220593452453613e-01
6.499663591384887695e-01
6.506928801536560059e-01
6.513172984123229980e-01
6.517690420150756836e-01
6.521265506744384766e-01
6.523595452308654785e-01
6.524781584739685059e-01
6.524760723114013672e-01
6.523935198783874512e-01
6.522359848022460938e-01
6.519992351531982422e-01
6.516836881637573242e-01
6.513085365295410156e-01
6.508868336677551270e-01
6.503717303276062012e-01
6.498149037361145020e-01
6.492292881011962891e-01
6.486109495162963867e-01
6.479574441909790039e-01
6.472568511962890625e-01
6.465630531311035156e-01
6.458404660224914551e-01
6.451190114021301270e-01
6.443256139755249023e-01
6.435776352882385254e-01
6.428050994873046875e-01
6.420563459396362305e-01
6.412823200225830078e-01
6.405034661293029785e-01
6.397284269332885742e-01
6.395145654678344727e-01
6.388254761695861816e-01
6.383140087127685547e-01
6.378978490829467773e-01
6.371664404869079590e-01
6.364681720733642578e-01
6.355538964271545410e-01
6.346977949142456055e-01
6.336025595664978027e-01
6.324786543846130371e-01
6.311303377151489258e-01
6.297568082809448242e-01
6.283304691314697266e-01
6.266511678695678711e-01
6.205912232398986816e-01
6.147702932357788086e-01
6.076194643974304199e-01
6.001203656196594238e-01
5.912237763404846191e-01
5.823065042495727539e-01
5.727365612983703613e-01
5.630130767822265625e-01
5.529587268829345703e-01
5.427614450454711914e-01
5.322784781455993652e-01
5.219435691833496094e-01
5.112227797508239746e-01
5.002248287200927734e-01
4.891656041145324707e-01
4.779382944107055664e-01
4.665951728820800781e-01
4.552127420902252197e-01
4.438729286193847656e-01
4.323795139789581299e-01
4.207503497600555420e-01
4.093369245529174805e-01
3.977119028568267822e-01
3.860646188259124756e-01
3.744425773620605469e-01
3.627134859561920166e-01
3.511524796485900879e-01
3.392645418643951416e-01
3.273582160472869873e-01
3.155246973037719727e-01
3.037330210208892822e-01
2.917308211326599121e-01
2.799002528190612793e-01
2.680993676185607910e-01
2.562884390354156494e-01
2.444322407245635986e-01
2.325719743967056274e-01
2.207626104354858398e-01
2.087786048650741577e-01
1.968172639608383179e-01
1.851269155740737915e-01
1.733417063951492310e-01
1.616089940071105957e-01
1.496769934892654419e-01
1.380582004785537720e-01
1.261956393718719482e-01
1.143707111477851868e-01
1.024803444743156433e-01
9.057537466287612915e-02
7.870881259441375732e-02
6.667879968881607056e-02
5.485507473349571228e-02
4.286707937717437744e-02
3.093160875141620636e-02
1.894946955144405365e-02
7.089692633599042892e-03
-4.852315410971641541e-03
-1.662129908800125122e-02
-2.863868512213230133e-02
-4.049475491046905518e-02
-5.263329297304153442e-02
-6.438372284173965454e-02
-7.630821317434310913e-02
-8.818615972995758057e-02
-9.995172917842864990e-02
-1.117064431309700012e-01
-1.236749216914176941e-01
-1.354261040687561035e-01
-1.472296714782714844e-01
-1.590742766857147217e-01
-1.694489568471908569e-01
-1.790450066328048706e-01
-1.912314593791961670e-01
-2.026777863502502441e-01
-2.141774445772171021e-01
-2.257783263921737671e-01
-2.376848459243774414e-01
-2.500948309898376465e-01
-2.623769342899322510e-01
-2.745555639266967773e-01
-2.867571413516998291e-01
-2.990626990795135498e-01
-3.111245632171630859e-01
-3.231938183307647705e-01
-3.353262841701507568e-01
-3.471411764621734619e-01
-3.586725294589996338e-01
-3.695944845676422119e-01
-3.805474638938903809e-01
-3.912589848041534424e-01
-4.016405045986175537e-01
-4.116953313350677490e-01
-4.213663339614868164e-01
-4.308395385742187500e-01
-4.397746324539184570e-01
-4.482933580875396729e-01
-4.566043019294738770e-01
-4.645651280879974365e-01
-4.722356498241424561e-01
-4.795334637165069580e-01
-4.865275919437408447e-01
-4.931744933128356934e-01
-4.998909831047058105e-01
-5.060884952545166016e-01
-5.120693445205688477e-01
-5.176703333854675293e-01
-5.227057337760925293e-01
-5.275747179985046387e-01
-5.323895812034606934e-01
-5.369644165039062500e-01
-5.380406975746154785e-01
-5.414437055587768555e-01
-5.439921617507934570e-01
-5.457653999328613281e-01
-5.485023260116577148e-01
-5.507012605667114258e-01
-5.535126924514770508e-01
-5.559760928153991699e-01
-5.585263967514038086e-01
-5.608713626861572266e-01
-5.634559392929077148e-01
-5.658522844314575195e-01
-5.681518912315368652e-01
-5.703842639923095703e-01
-5.727738738059997559e-01
-5.749506950378417969e-01
-5.769111514091491699e-01
-5.789554715156555176e-01
-5.809204578399658203e-01
-5.827175378799438477e-01
-5.843686461448669434e-01
-5.860158205032348633e-01
-5.914757251739501953e-01
-5.957566499710083008e-01
-6.005765795707702637e-01
-6.049398183822631836e-01
-6.095620989799499512e-01
-6.137542128562927246e-01
-6.178716421127319336e-01
-6.217241883277893066e-01
-6.253106594085693359e-01
-6.285873651504516602e-01
-6.317237615585327148e-01
-6.346252560615539551e-01
-6.373479962348937988e-01
-6.398071050643920898e-01
-6.420883536338806152e-01
-6.442299485206604004e-01
-6.462006568908691406e-01
-6.479817032814025879e-01
-6.496084332466125488e-01
-6.511027812957763672e-01
-6.524674296379089355e-01
-6.536313891410827637e-01
-6.546724438667297363e-01
-6.555848717689514160e-01
-6.564100980758666992e-01
-6.570805311203002930e-01
-6.576213836669921875e-01
-6.580739021301269531e-01
-6.583952307701110840e-01
-6.585935354232788086e-01
-6.586679220199584961e-01
-6.586306095123291016e-01
-6.584922075271606445e-01
-6.582224369049072266e-01
-6.578850150108337402e-01
-6.574820280075073242e-01
-6.570276021957397461e-01
-6.564986705780029297e-01
-6.559022068977355957e-01
-6.552758216857910156e-01
-6.545848250389099121e-01
-6.538540124893188477e-01
-6.530636548995971680e-01
-6.522554159164428711e-01
-6.513936519622802734e-01
-6.505534648895263672e-01
-6.496598720550537109e-01
-6.487807631492614746e-01
-6.478778123855590820e-01
-6.469677090644836426e-01
-6.460394263267517090e-01
-6.451259851455688477e-01
-6.441832780838012695e-01
-6.431349515914916992e-01
-6.424714326858520508e-01
-6.419907808303833008e-01
-6.412284970283508301e-01
-6.403823494911193848e-01
-6.393327116966247559e-01
-6.382941603660583496e-01
-6.371419429779052734e-01
-6.358862519264221191e-01
-6.345228552818298340e-01
-6.331487298011779785e-01
-6.315722465515136719e-01
-6.256496906280517578e-01
-6.199548840522766113e-01
-6.133564114570617676e-01
-6.057820916175842285e-01
-5.973802804946899414e-01
-5.885424017906188965e-01
-5.793108344078063965e-01
-5.697906017303466797e-01
-5.599722266197204590e-01
-5.499976873397827148e-01
-5.395177006721496582e-01
-5.290098786354064941e-01
-5.184215903282165527e-01
-5.074481964111328125e-01
-4.962818026542663574e-01
-4.850686788558959961e-01
-4.738007783889770508e-01
-4.624159932136535645e-01
-4.509671628475189209e-01
-4.394906163215637207e-01
-4.279463589191436768e-01
-4.164436757564544678e-01
-4.046761393547058105e-01
-3.929594159126281738e-01
-3.814384639263153076e-01
-3.697809576988220215e-01
-3.580207228660583496e-01
-3.458831608295440674e-01
-3.344260454177856445e-01
-3.226262927055358887e-01
-3.108329474925994873e-01
-2.991218268871307373e-01
-2.873033583164215088e-01
-2.755233645439147949e-01
-2.636192440986633301e-01
-2.521371841430664062e-01
-2.408730238676071167e-01
-2.297902256250381470e-01
-2.192456573247909546e-01
-2.087801992893218994e-01
-1.989816278219223022e-01
-1.893131881952285767e-01
-1.801843345165252686e-01
-1.712247133255004883e-01
-1.627512872219085693e-01
-1.546369940042495728e-01
-1.467656344175338745e-01
-1.392684727907180786e-01
-1.320647597312927246e-01
-1.251724511384963989e-01
-1.186490505933761597e-01
-1.126522049307823181e-01
-1.066677644848823547e-01
-1.008526086807250977e-01
-9.529333561658859253e-02
-9.027292579412460327e-02
-8.513664454221725464e-02
-8.050343394279479980e-02
-7.595356553792953491e-02
-7.178720086812973022e-02
-7.074595987796783447e-02
-6.756410002708435059e-02
-6.511779129505157471e-02
-6.349791586399078369e-02
-6.074319407343864441e-02
-5.876643210649490356e-02
-5.601914227008819580e-02
-5.400331318378448486e-02
-5.145186558365821838e-02
-4.913765192031860352e-02
-4.680959507822990417e-02
-4.437723010778427124e-02
-4.193253070116043091e-02
-3.963731229305267334e-02
-3.748538345098495483e-02
-3.523170575499534607e-02
-3.317934647202491760e-02
-3.108829446136951447e-02
-2.914951927959918976e-02
-2.721909806132316589e-02
-2.554840035736560822e-02
-1.967153511941432953e-02
-1.526022236794233322e-02
-1.031543221324682236e-02
-5.669969599694013596e-03
-9.748357115313410759e-04
3.371945116668939590e-03
7.556176278740167618e-03
1.156509201973676682e-02
1.531983539462089539e-02
1.881683059036731720e-02
2.211689203977584839e-02
2.516649104654788971e-02
2.808441780507564545e-02
3.072947077453136444e-02
3.319146856665611267e-02
3.545787930488586426e-02
3.756918758153915405e-02
3.945531323552131653e-02
4.118258878588676453e-02
4.273066669702529907e-02
4.420133307576179504e-02
4.544608294963836670e-02
4.654664173722267151e-02
4.749022424221038818e-02
4.831733554601669312e-02
4.897975549101829529e-02
4.951154813170433044e-02
4.992097988724708557e-02
5.022205039858818054e-02
5.041559785604476929e-02
5.047234520316123962e-02
5.043267831206321716e-02
5.029651150107383728e-02
5.004220828413963318e-02
4.969334229826927185e-02
4.927567392587661743e-02
4.880338907241821289e-02
4.826081171631813049e-02
4.767223075032234192e-02
4.703209921717643738e-02
4.633429646492004395e-02
4.558493196964263916e-02
4.479119554162025452e-02
4.398163780570030212e-02
4.307783022522926331e-02
4.223025962710380554e-02
4.131603613495826721e-02
4.041690379381179810e-02
3.949417173862457275e-02
3.856866806745529175e-02
3.764074295759201050e-02
3.670288994908332825e-02
3.576763719320297241e-02
3.484769538044929504e-02
3.389903903007507324e-02
3.298467025160789490e-02
3.207345679402351379e-02
3.116703592240810394e-02
3.026405163109302521e-02
2.941644191741943359e-02
2.852449566125869751e-02
2.764931879937648773e-02
2.680597268044948578e-02
2.597320266067981720e-02
2.514948509633541107e-02
2.439635992050170898e-02
2.360645867884159088e-02
2.284578047692775726e-02
2.210139296948909760e-02
2.138542756438255310e-02
2.069297991693019867e-02
2.003116719424724579e-02
1.934954896569252014e-02
1.884441636502742767e-02
1.810775883495807648e-02
1.781850680708885193e-02
1.740415208041667938e-02
1.702217385172843933e-02
1.665037497878074646e-02
1.638909056782722473e-02
1.607096195220947266e-02
1.582091115415096283e-02
1.549912616610527039e-02
1.525717414915561676e-02
1.495278626680374146e-02
1.476289518177509308e-02
1.451735198497772217e-02
1.431494951248168945e-02
1.410267781466245651e-02
1.394934952259063721e-02
1.378532033413648605e-02
1.366501022130250931e-02
1.353296637535095215e-02
1.338858529925346375e-02
1.330417767167091370e-02
1.322240568697452545e-02
1.314933691173791885e-02
1.309535186737775803e-02
1.305071823298931122e-02
1.301982812583446503e-02
1.300222519785165787e-02
1.299803052097558975e-02
1.299803052097558975e-02
1.299803052097558975e-02
1.299803052097558975e-02
1.299803052097558975e-02
1.299803052097558975e-02
1.299803052097558975e-02
1.299803052097558975e-02
1.299803052097558975e-02
1.299803052097558975e-02
1.299803052097558975e-02
1.299803052097558975e-02
1.299803052097558975e-02
1.299803052097558975e-02
1.299803052097558975e-02
1.299803052097558975e-02
1.299803052097558975e-02
1.299803052097558975e-02
1.299803052097558975e-02
1.299803052097558975e-02
1.299803052097558975e-02
1.299803052097558975e-02
1.299803052097558975e-02
1.299803052097558975e-02
1.299803052097558975e-02
1.299803052097558975e-02
1.299803052097558975e-02
1.299803052097558975e-02
1.299803052097558975e-02
1.299803052097558975e-02
1.299803052097558975e-02
1.299803052097558975e-02
1.299803052097558975e-02
1.299803052097558975e-02
1.299803052097558975e-02
1.299803052097558975e-02
1.299803052097558975e-02
1.299803052097558975e-02
1.299803052097558975e-02
1.299803052097558975e-02
1.299803052097558975e-02
1.299803052097558975e-02
1.299803052097558975e-02
1.299803052097558975e-02
1.299803052097558975e-02
1.299803052097558975e-02
1.299803052097558975e-02
1.299803052097558975e-02
1.299803052097558975e-02
1.299803052097558975e-02
1.299803052097558975e-02
1.299803052097558975e-02
1.299803052097558975e-02
1.299803052097558975e-02
1.299803052097558975e-02
1.299803052097558975e-02
1.299803052097558975e-02
1.299803052097558975e-02
1.299803052097558975e-02
1.299803052097558975e-02
1.299803052097558975e-02
1.299803052097558975e-02
1.299803052097558975e-02
1.299803052097558975e-02
1.299803052097558975e-02
1.299803052097558975e-02
1.299803052097558975e-02
1.299803052097558975e-02
1.299803052097558975e-02
1.299803052097558975e-02
1.299803052097558975e-02
1.299803052097558975e-02
1.299803052097558975e-02
1.299803052097558975e-02
1.299803052097558975e-02
1.299803052097558975e-02
1.299803052097558975e-02
1.299803052097558975e-02
1.299803052097558975e-02
1.299803052097558975e-02
1.299803052097558975e-02
1.299803052097558975e-02
1.299803052097558975e-02
1.299803052097558975e-02
