1.699392947758315000e+15
1.699392947798832000e+15
1.699392947839745000e+15
1.699392947880197000e+15
1.699392947920793000e+15
1.699392947961276000e+15
1.699392948002484000e+15
1.699392948042928000e+15
1.699392948083374000e+15
1.699392948123957000e+15
1.699392948164437000e+15
1.699392948205411000e+15
1.699392948245866000e+15
1.699392948286318000e+15
1.699392948326892000e+15
1.699392948367387000e+15
1.699392948408227000e+15
1.699392948448676000e+15
1.699392948489128000e+15
1.699392948529705000e+15
1.699392948570189000e+15
1.699392948611373000e+15
1.699392948651810000e+15
1.699392948692258000e+15
1.699392948733574000e+15
1.699392948774064000e+15
1.699392948813793000e+15
1.699392948854248000e+15
1.699392948894684000e+15
1.699392948935726000e+15
1.699392948976207000e+15
1.699392949016666000e+15
1.699392949057116000e+15
1.699392949098476000e+15
1.699392949139052000e+15
1.699392949179586000e+15
1.699392949220053000e+15
1.699392949260506000e+15
1.699392949301347000e+15
1.699392949341913000e+15
1.699392949382479000e+15
1.699392949422960000e+15
1.699392949464199000e+15
1.699392949504648000e+15
1.699392949545095000e+15
1.699392949585677000e+15
1.699392949627330000e+15
1.699392949667785000e+15
1.699392949708235000e+15
1.699392949748684000e+15
1.699392949790048000e+15
1.699392949829166000e+15
1.699392949869632000e+15
1.699392949910090000e+15
1.699392949950540000e+15
1.699392949992219000e+15
1.699392950032701000e+15
1.699392950073156000e+15
1.699392950114723000e+15
1.699392950155165000e+15
1.699392950195752000e+15
1.699392950236221000e+15
1.699392950276680000e+15
1.699392950317626000e+15
1.699392950358071000e+15
1.699392950398660000e+15
1.699392950439147000e+15
1.699392950480300000e+15
1.699392950520741000e+15
1.699392950561193000e+15
1.699392950601777000e+15
1.699392950642274000e+15
1.699392950683225000e+15
1.699392950723671000e+15
1.699392950764128000e+15
1.699392950806326000e+15
1.699392950847497000e+15
1.699392950887948000e+15
1.699392950928396000e+15
1.699392950968848000e+15
1.699392951009431000e+15
1.699392951050385000e+15
1.699392951090847000e+15
1.699392951131303000e+15
1.699392951171749000e+15
1.699392951213073000e+15
1.699392951253575000e+15
1.699392951294038000e+15
1.699392951334485000e+15
1.699392951374925000e+15
1.699392951416613000e+15
1.699392951457104000e+15
1.699392951497558000e+15
1.699392951538006000e+15
1.699392951578858000e+15
1.699392951619451000e+15
1.699392951659934000e+15
1.699392951700386000e+15
1.699392951740833000e+15
1.699392951781741000e+15
1.699392951822047000e+15
1.699392951862544000e+15
1.699392951902997000e+15
1.699392951943445000e+15
1.699392951984066000e+15
1.699392952024641000e+15
1.699392952065125000e+15
1.699392952105584000e+15
1.699392952146032000e+15
1.699392952187153000e+15
1.699392952227746000e+15
1.699392952268233000e+15
1.699392952309445000e+15
1.699392952349889000e+15
1.699392952390335000e+15
1.699392952430922000e+15
1.699392952471422000e+15
1.699392952512399000e+15
1.699392952552845000e+15
1.699392952593286000e+15
1.699392952633863000e+15
1.699392952675095000e+15
1.699392952715552000e+15
1.699392952756001000e+15
1.699392952796444000e+15
1.699392952837101000e+15
1.699392952878533000e+15
1.699392952918999000e+15
1.699392952959448000e+15
1.699392952999902000e+15
1.699392953040679000e+15
1.699392953081174000e+15
1.699392953121621000e+15
1.699392953162067000e+15
1.699392953202587000e+15
1.699392953243501000e+15
1.699392953284030000e+15
1.699392953324527000e+15
1.699392953365013000e+15
1.699392953406223000e+15
1.699392953446849000e+15
1.699392953487365000e+15
1.699392953527843000e+15
1.699392953568333000e+15
1.699392953609079000e+15
1.699392953649697000e+15
1.699392953690204000e+15
1.699392953730690000e+15
1.699392953771815000e+15
1.699392953809427000e+15
1.699392953850041000e+15
1.699392953890563000e+15
1.699392953931045000e+15
1.699392953971789000e+15
1.699392954012284000e+15
1.699392954052902000e+15
1.699392954093417000e+15
1.699392954134547000e+15
1.699392954175029000e+15
1.699392954215514000e+15
1.699392954256140000e+15
1.699392954296665000e+15
1.699392954337991000e+15
1.699392954378483000e+15
1.699392954418974000e+15
1.699392954460602000e+15
1.699392954501113000e+15
1.699392954541598000e+15
1.699392954582082000e+15
1.699392954622557000e+15
1.699392954663417000e+15
1.699392954703923000e+15
1.699392954744413000e+15
1.699392954784898000e+15
1.699392954821596000e+15
1.699392954862221000e+15
1.699392954902728000e+15
1.699392954943213000e+15
1.699392954983690000e+15
1.699392955024475000e+15
1.699392955065139000e+15
1.699392955105698000e+15
1.699392955146227000e+15
1.699392955187217000e+15
1.699392955227743000e+15
1.699392955268412000e+15
1.699392955308975000e+15
1.699392955350549000e+15
1.699392955391074000e+15
1.699392955431602000e+15
1.699392955472270000e+15
1.699392955512823000e+15
1.699392955553351000e+15
1.699392955593875000e+15
1.699392955634972000e+15
1.699392955675644000e+15
1.699392955716185000e+15
1.699392955756714000e+15
1.699392955802889000e+15
1.699392955843882000e+15
1.699392955884492000e+15
1.699392955925009000e+15
1.699392955965489000e+15
1.699392956007141000e+15
1.699392956047621000e+15
1.699392956088230000e+15
1.699392956128735000e+15
1.699392956169926000e+15
1.699392956210409000e+15
1.699392956250907000e+15
1.699392956291536000e+15
1.699392956333210000e+15
1.699392956373701000e+15
1.699392956414178000e+15
1.699392956454661000e+15
1.699392956495981000e+15
1.699392956536513000e+15
1.699392956576993000e+15
1.699392956617473000e+15
1.699392956657959000e+15
1.699392956698788000e+15
1.699392956739310000e+15
1.699392956779793000e+15
1.699392956818328000e+15
1.699392956859622000e+15
1.699392956900244000e+15
1.699392956940770000e+15
1.699392956981263000e+15
1.699392957021746000e+15
1.699392957062809000e+15
1.699392957103432000e+15
1.699392957143938000e+15
1.699392957184423000e+15
1.699392957225174000e+15
1.699392957265650000e+15
1.699392957306271000e+15
1.699392957346785000e+15
1.699392957387287000e+15
1.699392957428194000e+15
1.699392957468662000e+15
1.699392957509326000e+15
1.699392957549883000e+15
1.699392957590962000e+15
1.699392957631480000e+15
1.699392957672005000e+15
1.699392957712669000e+15
1.699392957754077000e+15
1.699392957794603000e+15
1.699392957838315000e+15
1.699392957878834000e+15
1.699392957920073000e+15
1.699392957960633000e+15
1.699392958001154000e+15
1.699392958041666000e+15
1.699392958083308000e+15
1.699392958123972000e+15
1.699392958164514000e+15
1.699392958205048000e+15
1.699392958246042000e+15
1.699392958286563000e+15
1.699392958327224000e+15
1.699392958367773000e+15
1.699392958408299000e+15
1.699392958449711000e+15
1.699392958490187000e+15
1.699392958530806000e+15
1.699392958571324000e+15
1.699392958611814000e+15
1.699392958652303000e+15
1.699392958693788000e+15
1.699392958734408000e+15
1.699392958774911000e+15
1.699392958816010000e+15
1.699392958857448000e+15
1.699392958898969000e+15
1.699392958939588000e+15
1.699392958980093000e+15
1.699392959020587000e+15
1.699392959062057000e+15
1.699392959102545000e+15
1.699392959143172000e+15
1.699392959183675000e+15
1.699392959224807000e+15
1.699392959265287000e+15
1.699392959305771000e+15
1.699392959346373000e+15
1.699392959386890000e+15
1.699392959427792000e+15
1.699392959468271000e+15
1.699392959508745000e+15
1.699392959549366000e+15
1.699392959590402000e+15
1.699392959630886000e+15
1.699392959671366000e+15
1.699392959711840000e+15
1.699392959752451000e+15
1.699392959793840000e+15
1.699392959831888000e+15
1.699392959872374000e+15
1.699392959914018000e+15
1.699392959954641000e+15
1.699392959995154000e+15
1.699392960035636000e+15
1.699392960077289000e+15
1.699392960117754000e+15
1.699392960158417000e+15
1.699392960198984000e+15
1.699392960240062000e+15
1.699392960280584000e+15
1.699392960321103000e+15
1.699392960361761000e+15
1.699392960402313000e+15
1.699392960442898000e+15
1.699392960483410000e+15
1.699392960523920000e+15
1.699392960564574000e+15
1.699392960605623000e+15
1.699392960646112000e+15
1.699392960686620000e+15
1.699392960727096000e+15
1.699392960767715000e+15
1.699392960809891000e+15
1.699392960850382000e+15
1.699392960890862000e+15
1.699392960931346000e+15
1.699392960972810000e+15
1.699392961013332000e+15
1.699392961053825000e+15
1.699392961094300000e+15
1.699392961134786000e+15
1.699392961175827000e+15
1.699392961216344000e+15
1.699392961256828000e+15
1.699392961297300000e+15
1.699392961338184000e+15
1.699392961378790000e+15
1.699392961419301000e+15
1.699392961459783000e+15
1.699392961500263000e+15
1.699392961541031000e+15
1.699392961581651000e+15
1.699392961622177000e+15
1.699392961662664000e+15
1.699392961703753000e+15
1.699392961744234000e+15
1.699392961784859000e+15
1.699392961825356000e+15
1.699392961865849000e+15
1.699392961906327000e+15
1.699392961946813000e+15
1.699392961987425000e+15
1.699392962027948000e+15
1.699392962068448000e+15
1.699392962109508000e+15
1.699392962151091000e+15
1.699392962191704000e+15
1.699392962232737000e+15
1.699392962273223000e+15
1.699392962313701000e+15
1.699392962354182000e+15
1.699392962395348000e+15
1.699392962435868000e+15
1.699392962476358000e+15
1.699392962516834000e+15
1.699392962557316000e+15
1.699392962598571000e+15
1.699392962639100000e+15
1.699392962679590000e+15
1.699392962720070000e+15
1.699392962760990000e+15
1.699392962802119000e+15
1.699392962842675000e+15
1.699392962883158000e+15
1.699392962923635000e+15
1.699392962964342000e+15
1.699392963004966000e+15
1.699392963045476000e+15
1.699392963085958000e+15
1.699392963127078000e+15
1.699392963167563000e+15
1.699392963208183000e+15
1.699392963248706000e+15
1.699392963290344000e+15
1.699392963330871000e+15
1.699392963371392000e+15
1.699392963412060000e+15
1.699392963453134000e+15
1.699392963493679000e+15
1.699392963534203000e+15
1.699392963574728000e+15
1.699392963615392000e+15
1.699392963655957000e+15
1.699392963696504000e+15
1.699392963737023000e+15
1.699392963777551000e+15
1.699392963820780000e+15
1.699392963861351000e+15
1.699392963901885000e+15
1.699392963942394000e+15
1.699392963982906000e+15
1.699392964023970000e+15
1.699392964064529000e+15
1.699392964105060000e+15
1.699392964145582000e+15
1.699392964186372000e+15
1.699392964227030000e+15
1.699392964267598000e+15
1.699392964308134000e+15
1.699392964349673000e+15
1.699392964390186000e+15
1.699392964430839000e+15
1.699392964471390000e+15
1.699392964512394000e+15
1.699392964552887000e+15
1.699392964593370000e+15
1.699392964633994000e+15
1.699392964674519000e+15
1.699392964715230000e+15
1.699392964755708000e+15
1.699392964796192000e+15
1.699392964836139000e+15
1.699392964877278000e+15
1.699392964917755000e+15
1.699392964958223000e+15
1.699392964998702000e+15
1.699392965039312000e+15
1.699392965080507000e+15
1.699392965120995000e+15
1.699392965161465000e+15
1.699392965201943000e+15
1.699392965243509000e+15
1.699392965284034000e+15
1.699392965324517000e+15
1.699392965364996000e+15
1.699392965405472000e+15
1.699392965446078000e+15
1.699392965486592000e+15
1.699392965527082000e+15
1.699392965567570000e+15
1.699392965609807000e+15
1.699392965650423000e+15
1.699392965690931000e+15
1.699392965732228000e+15
1.699392965772700000e+15
1.699392965810762000e+15
1.699392965851389000e+15
1.699392965892645000e+15
1.699392965933132000e+15
1.699392965973612000e+15
1.699392966014098000e+15
1.699392966055855000e+15
1.699392966096363000e+15
1.699392966136846000e+15
1.699392966177305000e+15
1.699392966218639000e+15
1.699392966259306000e+15
1.699392966299863000e+15
1.699392966340400000e+15
1.699392966381954000e+15
1.699392966422473000e+15
1.699392966463142000e+15
1.699392966503692000e+15
1.699392966544697000e+15
1.699392966585226000e+15
1.699392966625722000e+15
1.699392966666335000e+15
1.699392966706850000e+15
1.699392966748145000e+15
1.699392966788625000e+15
1.699392966831268000e+15
1.699392966872893000e+15
1.699392966913423000e+15
1.699392966953909000e+15
1.699392966994390000e+15
1.699392967034871000e+15
1.699392967075728000e+15
1.699392967116247000e+15
1.699392967156743000e+15
1.699392967197223000e+15
1.699392967238482000e+15
1.699392967279109000e+15
1.699392967319628000e+15
1.699392967360111000e+15
1.699392967400588000e+15
1.699392967441335000e+15
1.699392967481955000e+15
1.699392967522471000e+15
1.699392967562953000e+15
1.699392967604057000e+15
1.699392967644536000e+15
1.699392967685168000e+15
1.699392967725678000e+15
1.699392967766160000e+15
1.699392967805312000e+15
1.699392967845798000e+15
1.699392967886414000e+15
1.699392967926927000e+15
1.699392967967946000e+15
1.699392968008435000e+15
1.699392968048903000e+15
1.699392968089536000e+15
1.699392968130067000e+15
1.699392968171581000e+15
1.699392968212054000e+15
1.699392968252541000e+15
1.699392968293153000e+15
1.699392968333670000e+15
1.699392968374169000e+15
1.699392968414639000e+15
1.699392968455119000e+15
1.699392968495724000e+15
1.699392968536262000e+15
1.699392968576766000e+15
1.699392968617240000e+15
1.699392968657716000e+15
1.699392968698321000e+15
1.699392968738845000e+15
1.699392968779340000e+15
1.699392968821909000e+15
1.699392968862393000e+15
1.699392968903490000e+15
1.699392968944013000e+15
1.699392968985422000e+15
1.699392969026739000e+15
1.699392969067215000e+15
1.699392969107855000e+15
1.699392969148370000e+15
1.699392969190010000e+15
1.699392969230493000e+15
1.699392969270937000e+15
1.699392969311598000e+15
1.699392969352793000e+15
1.699392969393323000e+15
1.699392969433833000e+15
1.699392969474346000e+15
1.699392969515014000e+15
1.699392969555927000e+15
1.699392969596456000e+15
1.699392969636984000e+15
1.699392969677496000e+15
1.699392969718373000e+15
1.699392969758934000e+15
1.699392969799460000e+15
1.699392969840165000e+15
1.699392969880688000e+15
1.699392969921378000e+15
1.699392969961928000e+15
1.699392970002439000e+15
1.699392970042952000e+15
1.699392970084183000e+15
1.699392970124854000e+15
1.699392970165411000e+15
1.699392970205945000e+15
1.699392970247465000e+15
1.699392970287944000e+15
1.699392970328584000e+15
1.699392970369095000e+15
1.699392970410197000e+15
1.699392970450683000e+15
1.699392970491169000e+15
1.699392970531805000e+15
1.699392970573499000e+15
1.699392970613998000e+15
1.699392970654486000e+15
1.699392970694961000e+15
1.699392970736240000e+15
1.699392970776756000e+15
1.699392970817350000e+15
1.699392970857833000e+15
1.699392970898305000e+15
1.699392970939798000e+15
1.699392970980324000e+15
1.699392971020811000e+15
1.699392971062405000e+15
1.699392971102887000e+15
1.699392971143538000e+15
1.699392971184048000e+15
1.699392971225711000e+15
1.699392971266203000e+15
1.699392971306683000e+15
1.699392971347299000e+15
1.699392971388678000e+15
1.699392971429169000e+15
1.699392971469643000e+15
1.699392971510125000e+15
1.699392971550730000e+15
1.699392971592119000e+15
1.699392971632606000e+15
1.699392971673089000e+15
1.699392971713566000e+15
1.699392971754666000e+15
1.699392971796266000e+15
1.699392971837001000e+15
1.699392971878058000e+15
1.699392971918527000e+15
1.699392971959953000e+15
1.699392972001310000e+15
1.699392972041844000e+15
1.699392972082364000e+15
1.699392972122896000e+15
1.699392972163552000e+15
1.699392972204746000e+15
1.699392972245267000e+15
1.699392972285779000e+15
1.699392972327346000e+15
1.699392972367971000e+15
1.699392972408472000e+15
1.699392972448962000e+15
1.699392972489445000e+15
1.699392972530207000e+15
1.699392972570838000e+15
1.699392972611373000e+15
1.699392972651868000e+15
1.699392972692938000e+15
1.699392972733419000e+15
1.699392972774053000e+15
1.699392972812310000e+15
1.699392972852811000e+15
1.699392972893497000e+15
1.699392972933980000e+15
1.699392972974603000e+15
1.699392973015128000e+15
1.699392973056246000e+15
1.699392973096730000e+15
1.699392973137207000e+15
1.699392973177845000e+15
1.699392973219549000e+15
1.699392973260032000e+15
1.699392973300506000e+15
1.699392973340979000e+15
1.699392973382302000e+15
1.699392973422819000e+15
1.699392973463302000e+15
1.699392973503775000e+15
1.699392973544248000e+15
1.699392973585613000e+15
1.699392973626125000e+15
1.699392973666611000e+15
1.699392973707098000e+15
1.699392973747894000e+15
1.699392973788507000e+15
1.699392973831218000e+15
1.699392973871704000e+15
1.699392973913377000e+15
1.699392973953862000e+15
1.699392973994497000e+15
1.699392974035012000e+15
1.699392974076102000e+15
1.699392974116580000e+15
1.699392974157055000e+15
1.699392974197638000e+15
1.699392974238216000e+15
1.699392974278962000e+15
1.699392974319489000e+15
1.699392974360007000e+15
1.699392974400668000e+15
1.699392974441723000e+15
1.699392974482248000e+15
1.699392974522776000e+15
1.699392974563293000e+15
1.699392974605113000e+15
1.699392974645662000e+15
1.699392974686187000e+15
1.699392974726703000e+15
1.699392974767231000e+15
1.699392974806248000e+15
1.699392974846814000e+15
1.699392974887346000e+15
1.699392974927857000e+15
1.699392974968387000e+15
1.699392975009048000e+15
1.699392975049604000e+15
1.699392975090672000e+15
1.699392975131652000e+15
1.699392975172547000e+15
1.699392975213157000e+15
1.699392975253680000e+15
1.699392975294940000e+15
1.699392975335417000e+15
1.699392975375904000e+15
1.699392975416535000e+15
1.699392975457694000e+15
1.699392975498183000e+15
1.699392975538668000e+15
1.699392975579144000e+15
1.699392975619768000e+15
1.699392975660560000e+15
1.699392975701039000e+15
1.699392975741521000e+15
1.699392975782001000e+15
1.699392975823980000e+15
1.699392975864521000e+15
1.699392975905015000e+15
1.699392975945497000e+15
1.699392975985972000e+15
1.699392976026810000e+15
1.699392976067323000e+15
1.699392976107802000e+15
1.699392976148291000e+15
1.699392976189616000e+15
1.699392976230251000e+15
1.699392976270770000e+15
1.699392976311251000e+15
1.699392976351724000e+15
1.699392976393056000e+15
1.699392976433689000e+15
1.699392976474200000e+15
1.699392976515614000e+15
1.699392976556107000e+15
1.699392976596587000e+15
1.699392976637206000e+15
1.699392976678901000e+15
1.699392976719393000e+15
1.699392976759883000e+15
1.699392976800366000e+15
1.699392976838778000e+15
1.699392976879293000e+15
1.699392976919775000e+15
1.699392976960244000e+15
1.699392977000731000e+15
1.699392977041583000e+15
1.699392977082111000e+15
1.699392977122608000e+15
1.699392977163083000e+15
1.699392977204412000e+15
1.699392977245054000e+15
1.699392977285588000e+15
1.699392977326079000e+15
1.699392977366550000e+15
1.699392977407357000e+15
1.699392977447975000e+15
1.699392977488503000e+15
1.699392977529002000e+15
1.699392977570131000e+15
1.699392977610608000e+15
1.699392977651230000e+15
1.699392977691747000e+15
1.699392977732241000e+15
1.699392977773192000e+15
1.699392977816535000e+15
1.699392977857123000e+15
1.699392977897725000e+15
1.699392977938571000e+15
1.699392977979050000e+15
1.699392978019529000e+15
1.699392978060117000e+15
1.699392978100719000e+15
1.699392978141223000e+15
1.699392978181758000e+15
1.699392978222269000e+15
1.699392978262776000e+15
1.699392978303436000e+15
1.699392978344287000e+15
1.699392978385655000e+15
1.699392978426167000e+15
1.699392978466669000e+15
1.699392978507416000e+15
1.699392978547976000e+15
1.699392978588504000e+15
1.699392978629934000e+15
1.699392978670441000e+15
1.699392978711098000e+15
1.699392978751644000e+15
1.699392978793336000e+15
1.699392978833510000e+15
1.699392978874043000e+15
1.699392978914696000e+15
1.699392978955714000e+15
1.699392978996231000e+15
1.699392979036747000e+15
1.699392979077248000e+15
1.699392979117896000e+15
1.699392979159177000e+15
1.699392979199645000e+15
1.699392979240096000e+15
1.699392979281732000e+15
1.699392979322312000e+15
1.699392979362807000e+15
1.699392979403273000e+15
1.699392979443722000e+15
1.699392979484744000e+15
1.699392979525331000e+15
1.699392979565825000e+15
1.699392979606288000e+15
1.699392979647524000e+15
1.699392979687973000e+15
1.699392979728561000e+15
1.699392979769050000e+15
1.699392979808522000e+15
1.699392979849235000e+15
1.699392979889683000e+15
1.699392979930264000e+15
1.699392979970756000e+15
1.699392980011903000e+15
1.699392980052365000e+15
1.699392980092827000e+15
1.699392980133413000e+15
1.699392980173895000e+15
1.699392980214872000e+15
1.699392980255327000e+15
1.699392980295783000e+15
1.699392980336376000e+15
1.699392980377482000e+15
1.699392980417937000e+15
1.699392980458386000e+15
1.699392980498828000e+15
1.699392980539411000e+15
1.699392980581080000e+15
1.699392980621536000e+15
1.699392980661983000e+15
1.699392980703538000e+15
1.699392980744118000e+15
1.699392980784617000e+15
1.699392980825313000e+15
1.699392980865772000e+15
1.699392980906643000e+15
1.699392980947246000e+15
1.699392980987737000e+15
1.699392981028186000e+15
1.699392981069312000e+15
1.699392981109757000e+15
1.699392981150347000e+15
1.699392981190829000e+15
1.699392981231293000e+15
1.699392981272347000e+15
1.699392981312799000e+15
1.699392981353385000e+15
1.699392981393884000e+15
1.699392981434927000e+15
1.699392981475382000e+15
1.699392981515839000e+15
1.699392981556420000e+15
1.699392981596910000e+15
1.699392981638428000e+15
1.699392981678882000e+15
1.699392981719334000e+15
1.699392981759924000e+15
1.699392981801100000e+15
1.699392981843183000e+15
1.699392981883643000e+15
1.699392981924098000e+15
1.699392981965843000e+15
1.699392982006334000e+15
1.699392982046796000e+15
1.699392982087255000e+15
1.699392982128169000e+15
1.699392982168758000e+15
1.699392982209249000e+15
1.699392982249722000e+15
1.699392982290173000e+15
1.699392982331059000e+15
1.699392982371651000e+15
1.699392982412143000e+15
1.699392982452606000e+15
1.699392982493965000e+15
1.699392982534414000e+15
1.699392982574995000e+15
1.699392982615487000e+15
1.699392982657132000e+15
1.699392982697583000e+15
1.699392982738038000e+15
1.699392982778628000e+15
1.699392982816540000e+15
1.699392982857003000e+15
1.699392982897450000e+15
1.699392982937901000e+15
1.699392982978489000e+15
1.699392983019431000e+15
1.699392983059892000e+15
1.699392983100343000e+15
1.699392983140793000e+15
1.699392983182116000e+15
1.699392983222602000e+15
1.699392983263055000e+15
1.699392983303502000e+15
1.699392983343947000e+15
1.699392983385374000e+15
1.699392983425861000e+15
1.699392983466307000e+15
1.699392983506767000e+15
1.699392983547698000e+15
1.699392983588279000e+15
1.699392983628762000e+15
1.699392983669220000e+15
1.699392983709664000e+15
1.699392983750606000e+15
1.699392983791198000e+15
1.699392983833781000e+15
1.699392983874247000e+15
1.699392983915358000e+15
1.699392983955811000e+15
1.699392983996390000e+15
1.699392984036883000e+15
1.699392984077346000e+15
1.699392984118282000e+15
1.699392984158737000e+15
1.699392984199324000e+15
1.699392984239816000e+15
1.699392984280935000e+15
1.699392984321376000e+15
1.699392984361825000e+15
1.699392984402412000e+15
1.699392984442892000e+15
1.699392984483838000e+15
1.699392984524290000e+15
1.699392984564734000e+15
1.699392984605319000e+15
1.699392984646484000e+15
1.699392984686941000e+15
1.699392984727381000e+15
1.699392984767843000e+15
1.699392984809217000e+15
1.699392984851073000e+15
1.699392984891531000e+15
1.699392984931966000e+15
1.699392984972419000e+15
1.699392985013630000e+15
1.699392985054125000e+15
1.699392985094583000e+15
1.699392985135038000e+15
1.699392985175487000e+15
1.699392985216542000e+15
1.699392985257025000e+15
1.699392985297494000e+15
1.699392985338800000e+15
1.699392985379248000e+15
1.699392985419838000e+15
1.699392985460327000e+15
1.699392985500778000e+15
1.699392985541821000e+15
1.699392985582278000e+15
1.699392985622855000e+15
1.699392985663346000e+15
1.699392985704494000e+15
1.699392985744941000e+15
1.699392985785386000e+15
1.699392985825238000e+15
1.699392985865727000e+15
1.699392985906872000e+15
1.699392985947324000e+15
1.699392985987770000e+15
1.699392986028358000e+15
1.699392986069365000e+15
1.699392986109824000e+15
1.699392986150273000e+15
1.699392986190725000e+15
1.699392986231301000e+15
1.699392986272863000e+15
1.699392986313317000e+15
1.699392986353758000e+15
1.699392986394205000e+15
1.699392986434941000e+15
1.699392986475440000e+15
1.699392986515899000e+15
1.699392986556349000e+15
1.699392986596792000e+15
1.699392986637804000e+15
1.699392986678294000e+15
1.699392986718749000e+15
1.699392986759206000e+15
1.699392986800506000e+15
1.699392986840001000e+15
1.699392986880505000e+15
1.699392986920970000e+15
1.699392986961423000e+15
1.699392987002302000e+15
1.699392987042898000e+15
1.699392987083393000e+15
1.699392987123853000e+15
1.699392987164989000e+15
1.699392987205453000e+15
1.699392987246048000e+15
1.699392987286545000e+15
1.699392987327010000e+15
1.699392987367876000e+15
1.699392987408326000e+15
1.699392987448905000e+15
1.699392987489397000e+15
1.699392987530568000e+15
1.699392987571024000e+15
1.699392987611480000e+15
1.699392987652069000e+15
1.699392987692550000e+15
1.699392987733797000e+15
1.699392987774246000e+15
1.699392987813433000e+15
1.699392987854015000e+15
1.699392987894883000e+15
1.699392987935346000e+15
1.699392987975794000e+15
1.699392988016242000e+15
1.699392988056826000e+15
1.699392988097824000e+15
1.699392988138277000e+15
1.699392988178721000e+15
1.699392988219177000e+15
1.699392988260458000e+15
1.699392988300947000e+15
1.699392988341397000e+15
1.699392988381844000e+15
1.699392988422298000e+15
1.699392988463561000e+15
1.699392988504058000e+15
1.699392988544523000e+15
1.699392988584979000e+15
1.699392988625441000e+15
1.699392988666022000e+15
1.699392988706506000e+15
1.699392988746960000e+15
1.699392988787405000e+15
1.699392988830185000e+15
1.699392988871413000e+15
1.699392988911880000e+15
1.699392988952340000e+15
1.699392988992784000e+15
1.699392989034072000e+15
1.699392989074658000e+15
1.699392989115138000e+15
1.699392989155595000e+15
1.699392989196047000e+15
1.699392989236717000e+15
1.699392989277305000e+15
1.699392989317788000e+15
1.699392989358243000e+15
1.699392989399028000e+15
1.699392989439472000e+15
1.699392989480052000e+15
1.699392989520542000e+15
1.699392989561008000e+15
1.699392989601910000e+15
1.699392989642356000e+15
1.699392989682948000e+15
1.699392989723429000e+15
1.699392989764616000e+15
1.699392989805064000e+15
1.699392989844753000e+15
1.699392989885334000e+15
1.699392989925838000e+15
1.699392989966745000e+15
1.699392990007206000e+15
1.699392990047658000e+15
1.699392990088239000e+15
1.699392990129427000e+15
1.699392990169877000e+15
1.699392990210328000e+15
1.699392990250785000e+15
1.699392990291393000e+15
1.699392990332306000e+15
1.699392990372767000e+15
1.699392990413220000e+15
1.699392990453669000e+15
1.699392990495004000e+15
1.699392990535479000e+15
1.699392990575933000e+15
1.699392990616382000e+15
1.699392990656824000e+15
1.699392990698541000e+15
1.699392990739033000e+15
1.699392990779483000e+15
1.699392990821454000e+15
1.699392990861914000e+15
1.699392990902530000e+15
1.699392990943016000e+15
1.699392990983467000e+15
1.699392991024341000e+15
1.699392991064792000e+15
1.699392991105381000e+15
1.699392991145886000e+15
1.699392991187033000e+15
1.699392991227483000e+15
1.699392991267942000e+15
1.699392991308537000e+15
1.699392991349026000e+15
1.699392991389956000e+15
1.699392991430414000e+15
1.699392991470857000e+15
1.699392991511434000e+15
1.699392991552611000e+15
1.699392991593066000e+15
1.699392991633510000e+15
1.699392991673948000e+15
1.699392991714540000e+15
1.699392991755497000e+15
1.699392991795952000e+15
1.699392991832008000e+15
1.699392991872465000e+15
1.699392991913801000e+15
1.699392991954300000e+15
1.699392991994767000e+15
1.699392992035227000e+15
1.699392992075683000e+15
1.699392992117475000e+15
1.699392992157969000e+15
1.699392992198422000e+15
1.699392992238881000e+15
1.699392992279657000e+15
1.699392992320251000e+15
1.699392992360733000e+15
1.699392992401205000e+15
1.699392992441656000e+15
1.699392992482961000e+15
1.699392992523564000e+15
1.699392992564053000e+15
1.699392992604512000e+15
1.699392992645590000e+15
1.699392992686042000e+15
1.699392992726644000e+15
1.699392992767130000e+15
1.699392992813286000e+15
1.699392992853751000e+15
1.699392992894204000e+15
1.699392992934793000e+15
1.699392992975953000e+15
1.699392993016409000e+15
1.699392993056848000e+15
1.699392993097301000e+15
1.699392993137906000e+15
1.699392993178856000e+15
1.699392993219320000e+15
1.699392993259760000e+15
1.699392993300204000e+15
1.699392993341547000e+15
1.699392993382042000e+15
1.699392993422493000e+15
1.699392993462947000e+15
1.699392993503400000e+15
1.699392993545049000e+15
1.699392993585543000e+15
1.699392993625995000e+15
1.699392993667602000e+15
1.699392993708069000e+15
1.699392993748661000e+15
1.699392993789168000e+15
1.699392993829290000e+15
1.699392993870330000e+15
1.699392993951253000e+15
1.699392993991827000e+15
1.699392994032859000e+15
1.699392994073321000e+15
1.699392994154240000e+15
1.699392994194815000e+15
1.699392994235753000e+15
1.699392994276213000e+15
1.699392994357142000e+15
1.699392994398395000e+15
1.699392994438882000e+15
1.699392994479341000e+15
1.699392994519786000e+15
1.699392994560243000e+15
1.699392994601313000e+15
1.699392994641794000e+15
1.699392994682253000e+15
1.699392994722704000e+15
1.699392994763974000e+15
1.699392994804554000e+15
1.699392994839421000e+15
1.699392994879884000e+15
1.699392994920349000e+15
1.699392994961951000e+15
1.699392995002544000e+15
1.699392995043043000e+15
1.699392995084433000e+15
1.699392995124869000e+15
1.699392995165309000e+15
1.699392995205890000e+15
1.699392995246381000e+15
1.699392995287260000e+15
1.699392995327715000e+15
1.699392995368168000e+15
1.699392995408740000e+15
1.699392995450008000e+15
1.699392995490464000e+15
1.699392995530913000e+15
1.699392995571372000e+15
1.699392995611970000e+15
1.699392995652966000e+15
1.699392995693422000e+15
1.699392995733877000e+15
1.699392995774337000e+15
1.699392995820535000e+15
1.699392995861030000e+15
1.699392995901492000e+15
1.699392995941940000e+15
1.699392995982395000e+15
1.699392996023997000e+15
1.699392996064489000e+15
1.699392996104951000e+15
1.699392996145401000e+15
1.699392996186752000e+15
1.699392996228332000e+15
1.699392996268835000e+15
1.699392996310517000e+15
1.699392996350958000e+15
1.699392996391411000e+15
1.699392996433095000e+15
1.699392996474007000e+15
1.699392996514457000e+15
1.699392996554906000e+15
1.699392996596429000e+15
1.699392996637016000e+15
1.699392996677498000e+15
1.699392996717964000e+15
1.699392996759156000e+15
1.699392996799612000e+15
1.699392996839776000e+15
1.699392996880271000e+15
1.699392996920718000e+15
1.699392996961551000e+15
1.699392997002000000e+15
1.699392997042581000e+15
1.699392997083065000e+15
1.699392997124299000e+15
1.699392997164753000e+15
1.699392997205199000e+15
1.699392997245782000e+15
1.699392997286264000e+15
1.699392997327130000e+15
1.699392997367581000e+15
1.699392997408035000e+15
1.699392997448623000e+15
1.699392997489875000e+15
1.699392997530334000e+15
1.699392997570779000e+15
1.699392997611240000e+15
1.699392997651827000e+15
1.699392997693037000e+15
1.699392997733497000e+15
1.699392997773945000e+15
1.699392997815674000e+15
1.699392997856693000e+15
1.699392997897182000e+15
1.699392997937635000e+15
1.699392997978079000e+15
1.699392998018539000e+15
1.699392998059573000e+15
1.699392998100055000e+15
1.699392998140507000e+15
1.699392998180968000e+15
1.699392998222470000e+15
1.699392998263060000e+15
1.699392998303552000e+15
1.699392998344003000e+15
1.699392998385628000e+15
1.699392998426088000e+15
1.699392998466678000e+15
1.699392998507161000e+15
1.699392998548319000e+15
1.699392998588771000e+15
1.699392998629220000e+15
1.699392998669799000e+15
1.699392998710284000e+15
1.699392998751352000e+15
1.699392998791807000e+15
1.699392998832936000e+15
1.699392998873522000e+15
1.699392998914684000e+15
1.699392998955141000e+15
1.699392998995593000e+15
1.699392999036042000e+15
1.699392999076631000e+15
1.699392999117902000e+15
1.699392999158357000e+15
1.699392999198804000e+15
1.699392999239258000e+15
1.699392999279835000e+15
1.699392999320354000e+15
1.699392999360811000e+15
1.699392999401263000e+15
1.699392999441720000e+15
1.699392999482305000e+15
1.699392999522799000e+15
1.699392999563261000e+15
1.699392999604437000e+15
1.699392999645772000e+15
1.699392999686365000e+15
1.699392999726856000e+15
1.699392999767309000e+15
1.699392999807764000e+15
1.699392999846874000e+15
1.699392999887467000e+15
1.699392999927943000e+15
1.699392999968418000e+15
1.699393000009545000e+15
1.699393000049995000e+15
1.699393000090584000e+15
1.699393000131058000e+15
1.699393000171513000e+15
1.699393000212400000e+15
1.699393000252857000e+15
1.699393000293441000e+15
1.699393000333937000e+15
1.699393000375128000e+15
1.699393000415582000e+15
1.699393000456029000e+15
1.699393000496608000e+15
1.699393000537111000e+15
1.699393000578602000e+15
1.699393000619047000e+15
1.699393000659496000e+15
1.699393000701185000e+15
1.699393000741675000e+15
1.699393000782137000e+15
1.699393000821659000e+15
1.699393000862118000e+15
1.699393000903089000e+15
1.699393000943595000e+15
1.699393000984056000e+15
1.699393001024516000e+15
1.699393001065766000e+15
1.699393001106355000e+15
1.699393001146845000e+15
1.699393001187303000e+15
1.699393001227763000e+15
1.699393001268681000e+15
1.699393001309262000e+15
1.699393001349745000e+15
1.699393001390196000e+15
1.699393001431374000e+15
1.699393001471818000e+15
1.699393001512414000e+15
1.699393001552898000e+15
1.699393001593357000e+15
1.699393001634373000e+15
1.699393001674824000e+15
1.699393001715412000e+15
1.699393001755896000e+15
1.699393001796951000e+15
1.699393001836616000e+15
1.699393001877089000e+15
1.699393001917669000e+15
1.699393001958171000e+15
1.699393001999622000e+15
1.699393002040067000e+15
1.699393002080514000e+15
1.699393002122211000e+15
1.699393002162696000e+15
1.699393002203151000e+15
1.699393002243599000e+15
1.699393002284046000e+15
1.699393002325094000e+15
1.699393002365579000e+15
1.699393002406035000e+15
1.699393002446477000e+15
1.699393002488007000e+15
1.699393002528595000e+15
1.699393002569073000e+15
1.699393002609532000e+15
1.699393002649983000e+15
1.699393002691475000e+15
1.699393002732069000e+15
1.699393002772561000e+15
1.699393002816165000e+15
1.699393002857172000e+15
1.699393002898770000e+15
1.699393002939361000e+15
1.699393002980255000e+15
1.699393003020701000e+15
1.699393003061154000e+15
1.699393003101605000e+15
1.699393003143045000e+15
1.699393003183547000e+15
1.699393003224003000e+15
1.699393003264454000e+15
1.699393003304902000e+15
1.699393003346624000e+15
1.699393003387122000e+15
1.699393003427575000e+15
1.699393003469100000e+15
1.699393003509548000e+15
1.699393003550140000e+15
1.699393003590627000e+15
1.699393003631078000e+15
1.699393003672044000e+15
1.699393003712488000e+15
1.699393003753078000e+15
1.699393003793574000e+15
1.699393003832572000e+15
1.699393003873037000e+15
1.699393003913490000e+15
1.699393003954070000e+15
1.699393003994563000e+15
1.699393004035519000e+15
1.699393004075965000e+15
1.699393004116405000e+15
1.699393004156989000e+15
1.699393004198145000e+15
1.699393004238618000e+15
1.699393004279064000e+15
1.699393004319518000e+15
1.699393004360104000e+15
1.699393004401046000e+15
1.699393004441504000e+15
1.699393004481959000e+15
1.699393004522400000e+15
1.699393004563740000e+15
1.699393004604225000e+15
1.699393004644679000e+15
1.699393004685130000e+15
1.699393004725576000e+15
1.699393004767254000e+15
1.699393004807754000e+15
1.699393004849945000e+15
1.699393004891474000e+15
1.699393004931922000e+15
1.699393004972520000e+15
1.699393005013016000e+15
1.699393005053460000e+15
1.699393005094426000e+15
1.699393005134876000e+15
1.699393005175460000e+15
1.699393005215947000e+15
1.699393005257019000e+15
1.699393005297467000e+15
1.699393005337924000e+15
1.699393005378521000e+15
1.699393005419014000e+15
1.699393005460018000e+15
1.699393005500476000e+15
1.699393005540933000e+15
1.699393005581514000e+15
1.699393005622595000e+15
1.699393005663051000e+15
1.699393005703505000e+15
1.699393005743965000e+15
1.699393005784545000e+15
1.699393005823419000e+15
1.699393005863884000e+15
1.699393005904339000e+15
1.699393005944780000e+15
1.699393005985367000e+15
1.699393006025877000e+15
1.699393006066338000e+15
1.699393006106790000e+15
1.699393006147241000e+15
1.699393006187828000e+15
1.699393006229260000e+15
1.699393006269716000e+15
1.699393006310172000e+15
1.699393006350627000e+15
1.699393006391577000e+15
1.699393006432066000e+15
1.699393006472520000e+15
1.699393006512973000e+15
1.699393006554260000e+15
1.699393006594853000e+15
1.699393006635335000e+15
1.699393006675802000e+15
1.699393006717011000e+15
1.699393006757461000e+15
1.699393006798050000e+15
1.699393006840705000e+15
1.699393006881175000e+15
1.699393006922313000e+15
1.699393006962762000e+15
1.699393007003367000e+15
1.699393007043857000e+15
1.699393007084755000e+15
1.699393007125202000e+15
1.699393007165643000e+15
1.699393007206247000e+15
1.699393007246743000e+15
1.699393007287669000e+15
1.699393007328116000e+15
1.699393007368566000e+15
1.699393007409147000e+15
1.699393007450322000e+15
1.699393007490777000e+15
1.699393007531234000e+15
1.699393007571682000e+15
1.699393007612269000e+15
1.699393007653551000e+15
1.699393007694005000e+15
1.699393007734449000e+15
1.699393007774895000e+15
1.699393007812568000e+15
1.699393007853054000e+15
1.699393007893521000e+15
1.699393007933971000e+15
1.699393007974430000e+15
1.699393008015466000e+15
1.699393008055965000e+15
1.699393008096421000e+15
1.699393008136869000e+15
1.699393008178168000e+15
1.699393008218781000e+15
1.699393008259266000e+15
1.699393008299717000e+15
1.699393008340170000e+15
1.699393008381066000e+15
1.699393008421651000e+15
1.699393008462144000e+15
1.699393008502603000e+15
1.699393008543694000e+15
1.699393008584139000e+15
1.699393008624731000e+15
1.699393008665230000e+15
1.699393008705697000e+15
1.699393008746635000e+15
1.699393008787087000e+15
1.699393008831347000e+15
1.699393008871839000e+15
1.699393008912933000e+15
1.699393008953393000e+15
1.699393008993840000e+15
1.699393015299383000e+15
1.699393015339987000e+15
1.699393015380477000e+15
1.699393015420933000e+15
1.699393015462206000e+15
1.699393015502653000e+15
1.699393015543239000e+15
1.699393015583728000e+15
1.699393015624181000e+15
1.699393015664621000e+15
1.699393015705066000e+15
1.699393015745663000e+15
1.699393015786154000e+15
1.699393015826620000e+15
1.699393015867882000e+15
1.699393015908330000e+15
1.699393015948915000e+15
1.699393015989419000e+15
1.699393016030562000e+15
1.699393016070997000e+15
1.699393016111442000e+15
1.699393016152016000e+15
1.699393016193722000e+15
1.699393016234181000e+15
1.699393016274626000e+15
1.699393016317328000e+15
1.699393016358222000e+15
1.699393016398701000e+15
1.699393016439160000e+15
1.699393016479605000e+15
1.699393016520050000e+15
1.699393016561163000e+15
1.699393016601649000e+15
1.699393016642104000e+15
1.699393016682551000e+15
1.699393016723791000e+15
1.699393016764384000e+15
1.699393016804881000e+15
1.699393016845335000e+15
1.699393016885784000e+15
1.699393016926730000e+15
1.699393016967325000e+15
1.699393017007804000e+15
1.699393017048257000e+15
1.699393017089366000e+15
1.699393017129820000e+15
1.699393017170419000e+15
1.699393017210897000e+15
1.699393017251354000e+15
1.699393017291136000e+15
1.699393017331621000e+15
1.699393017372202000e+15
1.699393017412683000e+15
1.699393017453757000e+15
1.699393017494202000e+15
1.699393017534662000e+15
1.699393017575244000e+15
1.699393017615728000e+15
1.699393017657324000e+15
1.699393017697771000e+15
1.699393017738214000e+15
1.699393017779838000e+15
1.699393017820328000e+15
1.699393017860788000e+15
1.699393017901234000e+15
1.699393017941687000e+15
1.699393017982729000e+15
1.699393018023234000e+15
1.699393018063696000e+15
1.699393018104139000e+15
1.699393018145417000e+15
1.699393018186007000e+15
1.699393018226496000e+15
1.699393018266956000e+15
1.699393018305823000e+15
1.699393018346713000e+15
1.699393018387298000e+15
1.699393018427786000e+15
1.699393018468255000e+15
1.699393018509397000e+15
1.699393018549852000e+15
1.699393018590440000e+15
1.699393018630930000e+15
1.699393018671392000e+15
1.699393018712306000e+15
1.699393018752763000e+15
1.699393018793348000e+15
1.699393018833829000e+15
1.699393018874976000e+15
1.699393018915422000e+15
1.699393018955865000e+15
1.699393018996453000e+15
1.699393019036960000e+15
1.699393019078606000e+15
1.699393019119062000e+15
1.699393019159516000e+15
1.699393019200103000e+15
1.699393019240782000e+15
1.699393019281239000e+15
1.699393019321008000e+15
1.699393019361481000e+15
1.699393019402065000e+15
1.699393019443513000e+15
1.699393019483963000e+15
1.699393019524407000e+15
1.699393019564861000e+15
1.699393019606416000e+15
1.699393019646911000e+15
1.699393019687367000e+15
1.699393019727828000e+15
1.699393019768796000e+15
1.699393019809386000e+15
1.699393019849878000e+15
1.699393019890342000e+15
1.699393019931480000e+15
1.699393019971942000e+15
1.699393020012534000e+15
1.699393020053021000e+15
1.699393020093483000e+15
1.699393020134414000e+15
1.699393020174856000e+15
1.699393020215438000e+15
1.699393020255924000e+15
1.699393020297760000e+15
1.699393020338213000e+15
1.699393020378675000e+15
1.699393020419263000e+15
1.699393020459753000e+15
1.699393020501338000e+15
1.699393020541796000e+15
1.699393020582242000e+15
1.699393020623819000e+15
1.699393020664302000e+15
1.699393020704759000e+15
1.699393020745207000e+15
1.699393020785663000e+15
1.699393020826750000e+15
1.699393020867233000e+15
1.699393020907679000e+15
1.699393020948136000e+15
1.699393020989393000e+15
1.699393021029981000e+15
1.699393021070470000e+15
1.699393021110918000e+15
1.699393021151377000e+15
1.699393021192282000e+15
1.699393021232867000e+15
1.699393021273339000e+15
1.699393021314929000e+15
1.699393021356138000e+15
1.699393021396581000e+15
1.699393021437161000e+15
1.699393021477642000e+15
1.699393021518091000e+15
1.699393021559014000e+15
1.699393021599463000e+15
1.699393021640041000e+15
1.699393021680522000e+15
1.699393021721713000e+15
1.699393021762170000e+15
1.699393021802617000e+15
1.699393021843200000e+15
1.699393021883696000e+15
1.699393021925252000e+15
1.699393021965699000e+15
1.699393022006153000e+15
1.699393022047769000e+15
1.699393022088258000e+15
1.699393022128714000e+15
1.699393022169161000e+15
1.699393022209604000e+15
1.699393022250879000e+15
1.699393022291361000e+15
1.699393022331845000e+15
1.699393022372302000e+15
1.699393022413336000e+15
1.699393022453915000e+15
1.699393022494393000e+15
1.699393022534841000e+15
1.699393022575292000e+15
1.699393022616442000e+15
1.699393022657027000e+15
1.699393022697506000e+15
1.699393022737953000e+15
1.699393022778399000e+15
1.699393022818852000e+15
1.699393022859427000e+15
1.699393022899914000e+15
1.699393022940369000e+15
1.699393022980817000e+15
1.699393023022185000e+15
1.699393023062773000e+15
1.699393023103255000e+15
1.699393023143712000e+15
1.699393023184651000e+15
1.699393023225102000e+15
1.699393023265695000e+15
1.699393023306266000e+15
1.699393023346725000e+15
1.699393023387342000e+15
1.699393023427799000e+15
1.699393023468382000e+15
1.699393023508859000e+15
1.699393023549701000e+15
1.699393023590146000e+15
1.699393023630598000e+15
1.699393023671175000e+15
1.699393023711649000e+15
1.699393023752576000e+15
1.699393023793026000e+15
1.699393023833467000e+15
1.699393023874050000e+15
1.699393023915223000e+15
1.699393023955679000e+15
1.699393023996129000e+15
1.699393024036573000e+15
1.699393024077161000e+15
1.699393024118157000e+15
1.699393024158619000e+15
1.699393024199061000e+15
1.699393024239518000e+15
1.699393024280800000e+15
1.699393024321147000e+15
1.699393024361602000e+15
1.699393024402058000e+15
1.699393024442511000e+15
1.699393024483603000e+15
1.699393024524094000e+15
1.699393024564549000e+15
1.699393024604991000e+15
1.699393024646246000e+15
1.699393024686828000e+15
1.699393024727318000e+15
1.699393024767771000e+15
1.699393024808222000e+15
1.699393024849783000e+15
1.699393024890376000e+15
1.699393024930864000e+15
1.699393024972329000e+15
1.699393025012782000e+15
1.699393025053238000e+15
1.699393025093827000e+15
1.699393025134308000e+15
1.699393025175187000e+15
1.699393025215632000e+15
1.699393025256075000e+15
1.699393025296919000e+15
1.699393025338163000e+15
1.699393025378622000e+15
1.699393025419077000e+15
1.699393025459531000e+15
1.699393025500110000e+15
1.699393025541022000e+15
1.699393025581480000e+15
1.699393025621933000e+15
1.699393025662389000e+15
1.699393025703736000e+15
1.699393025744227000e+15
1.699393025784687000e+15
1.699393025825129000e+15
1.699393025865573000e+15
1.699393025906658000e+15
1.699393025947131000e+15
1.699393025987591000e+15
1.699393026028046000e+15
1.699393026069319000e+15
1.699393026109905000e+15
1.699393026150393000e+15
1.699393026190854000e+15
1.699393026231289000e+15
1.699393026272887000e+15
1.699393026312478000e+15
1.699393026352983000e+15
1.699393026394581000e+15
1.699393026435031000e+15
1.699393026475481000e+15
1.699393026516061000e+15
1.699393026556543000e+15
1.699393026598026000e+15
1.699393026638473000e+15
1.699393026678936000e+15
1.699393026719536000e+15
1.699393026760712000e+15
1.699393026801183000e+15
1.699393026841628000e+15
1.699393026882081000e+15
1.699393026923322000e+15
1.699393026963799000e+15
1.699393027004257000e+15
1.699393027044710000e+15
1.699393027086010000e+15
1.699393027126608000e+15
1.699393027167102000e+15
1.699393027207559000e+15
1.699393027248011000e+15
1.699393027288976000e+15
1.699393027330733000e+15
1.699393027371220000e+15
1.699393027411689000e+15
1.699393027452727000e+15
1.699393027493180000e+15
1.699393027533769000e+15
1.699393027574253000e+15
1.699393027614706000e+15
1.699393027655976000e+15
1.699393027696420000e+15
1.699393027737002000e+15
1.699393027777493000e+15
1.699393027818276000e+15
1.699393027858729000e+15
1.699393027899175000e+15
1.699393027939759000e+15
1.699393027980251000e+15
1.699393028021193000e+15
1.699393028061647000e+15
1.699393028102094000e+15
1.699393028142696000e+15
1.699393028183854000e+15
1.699393028224308000e+15
1.699393028264754000e+15
1.699393028303030000e+15
1.699393028343610000e+15
1.699393028384579000e+15
1.699393028425035000e+15
1.699393028465489000e+15
1.699393028505945000e+15
1.699393028547283000e+15
1.699393028587786000e+15
1.699393028628253000e+15
1.699393028668700000e+15
1.699393028709146000e+15
1.699393028750142000e+15
1.699393028790629000e+15
1.699393028831093000e+15
1.699393028871541000e+15
1.699393028912910000e+15
1.699393028953520000e+15
1.699393028994017000e+15
1.699393029034476000e+15
1.699393029074913000e+15
1.699393029116438000e+15
1.699393029157043000e+15
1.699393029197521000e+15
1.699393029238914000e+15
1.699393029279359000e+15
1.699393029322257000e+15
1.699393029362847000e+15
1.699393029403331000e+15
1.699393029444213000e+15
1.699393029484654000e+15
1.699393029525106000e+15
1.699393029565720000e+15
1.699393029606902000e+15
1.699393029647358000e+15
1.699393029687807000e+15
1.699393029728253000e+15
1.699393029768847000e+15
1.699393029809817000e+15
1.699393029850274000e+15
1.699393029890729000e+15
1.699393029931170000e+15
1.699393029972729000e+15
1.699393030013224000e+15
1.699393030053674000e+15
1.699393030094117000e+15
1.699393030134577000e+15
1.699393030176170000e+15
1.699393030216660000e+15
1.699393030257126000e+15
1.699393030296123000e+15
1.699393030337314000e+15
1.699393030377918000e+15
1.699393030418417000e+15
1.699393030458876000e+15
1.699393030500355000e+15
1.699393030540862000e+15
1.699393030581462000e+15
1.699393030621963000e+15
1.699393030662696000e+15
1.699393030703138000e+15
1.699393030743588000e+15
1.699393030784181000e+15
1.699393030824675000e+15
1.699393030865585000e+15
1.699393030906036000e+15
1.699393030946492000e+15
1.699393030987051000e+15
1.699393031028260000e+15
1.699393031068738000e+15
1.699393031109182000e+15
1.699393031190086000e+15
1.699393031231168000e+15
1.699393031271637000e+15
1.699393031312239000e+15
1.699393031352692000e+15
1.699393031393985000e+15
1.699393031434554000e+15
1.699393031475036000e+15
1.699393031515484000e+15
1.699393031555943000e+15
1.699393031596907000e+15
1.699393031637504000e+15
1.699393031677992000e+15
1.699393031718451000e+15
1.699393031759559000e+15
1.699393031800016000e+15
1.699393031840606000e+15
1.699393031881095000e+15
1.699393031921551000e+15
1.699393031963064000e+15
1.699393032003518000e+15
1.699393032044096000e+15
1.699393032085616000e+15
1.699393032126062000e+15
1.699393032166510000e+15
1.699393032206963000e+15
1.699393032247558000e+15
1.699393032288474000e+15
1.699393032328047000e+15
1.699393032368509000e+15
1.699393032408952000e+15
1.699393032450297000e+15
1.699393032490770000e+15
1.699393032531235000e+15
1.699393032571682000e+15
1.699393032612133000e+15
1.699393032653172000e+15
1.699393032693670000e+15
1.699393032734116000e+15
1.699393032774573000e+15
1.699393032815876000e+15
1.699393032856462000e+15
1.699393032896948000e+15
1.699393032937391000e+15
1.699393032977836000e+15
1.699393033018734000e+15
1.699393033059320000e+15
1.699393033099810000e+15
1.699393033140272000e+15
1.699393033181422000e+15
1.699393033221871000e+15
1.699393033262461000e+15
1.699393033303306000e+15
1.699393033343782000e+15
1.699393033385445000e+15
1.699393033425892000e+15
1.699393033466486000e+15
1.699393033506981000e+15
1.699393033547589000e+15
1.699393033588035000e+15
1.699393033628483000e+15
1.699393033669077000e+15
1.699393033709570000e+15
1.699393033751035000e+15
1.699393033791480000e+15
1.699393033831931000e+15
1.699393033872525000e+15
1.699393033913736000e+15
1.699393033954193000e+15
1.699393033994640000e+15
1.699393034035092000e+15
1.699393034076348000e+15
1.699393034116835000e+15
1.699393034157294000e+15
1.699393034197746000e+15
1.699393034239035000e+15
1.699393034279622000e+15
1.699393034318386000e+15
1.699393034358838000e+15
1.699393034399288000e+15
1.699393034440216000e+15
1.699393034480809000e+15
1.699393034521311000e+15
1.699393034561758000e+15
1.699393034602872000e+15
1.699393034643337000e+15
1.699393034683932000e+15
1.699393034724418000e+15
1.699393034764877000e+15
1.699393034806426000e+15
1.699393034846885000e+15
1.699393034887473000e+15
1.699393034928927000e+15
1.699393034969392000e+15
1.699393035009850000e+15
1.699393035050294000e+15
1.699393035090880000e+15
1.699393035131849000e+15
1.699393035172303000e+15
1.699393035212751000e+15
1.699393035253195000e+15
1.699393035294505000e+15
1.699393035332884000e+15
1.699393035373351000e+15
1.699393035413797000e+15
1.699393035454245000e+15
1.699393035495277000e+15
1.699393035535768000e+15
1.699393035576219000e+15
1.699393035616665000e+15
1.699393035657966000e+15
1.699393035698559000e+15
1.699393035739049000e+15
1.699393035779505000e+15
1.699393035819965000e+15
1.699393035860852000e+15
1.699393035901437000e+15
1.699393035941930000e+15
1.699393035982392000e+15
1.699393036023541000e+15
1.699393036063982000e+15
1.699393036104568000e+15
1.699393036145064000e+15
1.699393036185517000e+15
1.699393036227045000e+15
1.699393036267497000e+15
1.699393036313890000e+15
1.699393036355405000e+15
1.699393036395856000e+15
1.699393036436298000e+15
1.699393036476752000e+15
1.699393036517343000e+15
1.699393036558264000e+15
1.699393036598729000e+15
1.699393036639173000e+15
1.699393036679611000e+15
1.699393036720955000e+15
1.699393036761438000e+15
1.699393036801889000e+15
1.699393036842335000e+15
1.699393036882787000e+15
1.699393036924093000e+15
1.699393036964568000e+15
1.699393037005023000e+15
1.699393037045475000e+15
1.699393037085933000e+15
1.699393037127076000e+15
1.699393037167567000e+15
1.699393037208024000e+15
1.699393037248468000e+15
1.699393037288921000e+15
1.699393037322008000e+15
1.699393037362511000e+15
1.699393037402969000e+15
1.699393037443427000e+15
1.699393037484662000e+15
1.699393037525252000e+15
1.699393037565744000e+15
1.699393037606196000e+15
1.699393037646651000e+15
1.699393037687320000e+15
1.699393037727903000e+15
1.699393037768388000e+15
1.699393037808846000e+15
1.699393037849621000e+15
1.699393037890076000e+15
1.699393037930655000e+15
1.699393037971147000e+15
1.699393038011612000e+15
1.699393038052564000e+15
1.699393038093023000e+15
1.699393038133629000e+15
1.699393038174117000e+15
1.699393038215204000e+15
1.699393038255638000e+15
1.699393038296093000e+15
1.699393038340730000e+15
1.699393038381216000e+15
1.699393038422075000e+15
1.699393038462523000e+15
1.699393038502967000e+15
1.699393038543552000e+15
1.699393038584761000e+15
1.699393038625211000e+15
1.699393038665660000e+15
1.699393038706111000e+15
1.699393038746691000e+15
1.699393038787669000e+15
1.699393038828140000e+15
1.699393038868593000e+15
1.699393038909048000e+15
1.699393038950339000e+15
1.699393038990837000e+15
1.699393039031304000e+15
1.699393039071749000e+15
1.699393039112203000e+15
1.699393039153894000e+15
1.699393039194379000e+15
1.699393039234833000e+15
1.699393039276397000e+15
1.699393039319719000e+15
1.699393039360321000e+15
1.699393039400806000e+15
1.699393039441256000e+15
1.699393039482167000e+15
1.699393039522614000e+15
1.699393039563207000e+15
1.699393039603709000e+15
1.699393039644836000e+15
1.699393039685282000e+15
1.699393039725735000e+15
1.699393039766321000e+15
1.699393039806809000e+15
1.699393039847741000e+15
1.699393039888184000e+15
1.699393039928629000e+15
1.699393039969222000e+15
1.699393040010415000e+15
1.699393040050874000e+15
1.699393040091316000e+15
1.699393040131766000e+15
1.699393040172342000e+15
1.699393040213323000e+15
1.699393040253788000e+15
1.699393040294235000e+15
1.699393040331402000e+15
1.699393040372687000e+15
1.699393040413171000e+15
1.699393040453628000e+15
1.699393040494075000e+15
1.699393040534530000e+15
1.699393040576482000e+15
1.699393040616976000e+15
1.699393040657425000e+15
1.699393040697879000e+15
1.699393040738335000e+15
1.699393040778932000e+15
1.699393040819421000e+15
1.699393040859868000e+15
1.699393040900321000e+15
1.699393040941849000e+15
1.699393040982445000e+15
1.699393041022924000e+15
1.699393041063375000e+15
1.699393041104485000e+15
1.699393041144930000e+15
1.699393041185516000e+15
1.699393041226003000e+15
1.699393041267253000e+15
1.699393041309006000e+15
1.699393041349464000e+15
1.699393041390050000e+15
1.699393041431214000e+15
1.699393041471667000e+15
1.699393041512106000e+15
1.699393041552565000e+15
1.699393041593138000e+15
1.699393041634117000e+15
1.699393041674574000e+15
1.699393041715025000e+15
1.699393041755483000e+15
1.699393041796810000e+15
1.699393041837313000e+15
1.699393041877778000e+15
1.699393041918226000e+15
1.699393041958673000e+15
1.699393042000344000e+15
1.699393042040843000e+15
1.699393042081305000e+15
1.699393042122863000e+15
1.699393042163316000e+15
1.699393042203906000e+15
1.699393042244396000e+15
1.699393042284848000e+15
1.699393042325435000e+15
1.699393042365886000e+15
1.699393042406468000e+15
1.699393042446952000e+15
1.699393042488100000e+15
1.699393042528546000e+15
1.699393042569005000e+15
1.699393042609592000e+15
1.699393042650084000e+15
1.699393042690992000e+15
1.699393042731448000e+15
1.699393042771903000e+15
1.699393042812492000e+15
1.699393042853681000e+15
1.699393042894136000e+15
1.699393042934583000e+15
1.699393042975045000e+15
1.699393043015619000e+15
1.699393043056566000e+15
1.699393043097021000e+15
1.699393043137479000e+15
1.699393043177932000e+15
1.699393043219258000e+15
1.699393043259758000e+15
1.699393043302485000e+15
1.699393043342961000e+15
1.699393043383411000e+15
1.699393043425079000e+15
1.699393043465561000e+15
1.699393043506029000e+15
1.699393043547580000e+15
1.699393043588034000e+15
1.699393043628626000e+15
1.699393043669114000e+15
1.699393043709573000e+15
1.699393043750467000e+15
1.699393043790910000e+15
1.699393043831498000e+15
1.699393043871997000e+15
1.699393043913157000e+15
1.699393043953604000e+15
1.699393043994054000e+15
1.699393044034665000e+15
1.699393044075154000e+15
1.699393044116284000e+15
1.699393044156735000e+15
1.699393044197192000e+15
1.699393044237799000e+15
1.699393044279455000e+15
1.699393044320161000e+15
1.699393044360622000e+15
1.699393044401078000e+15
1.699393044441654000e+15
1.699393044482529000e+15
1.699393044522986000e+15
1.699393044563440000e+15
1.699393044605044000e+15
1.699393044645643000e+15
1.699393044686118000e+15
1.699393044726580000e+15
1.699393044767020000e+15
1.699393044808517000e+15
1.699393044849117000e+15
1.699393044889604000e+15
1.699393044931078000e+15
1.699393044971533000e+15
1.699393045011979000e+15
1.699393045052582000e+15
1.699393045093078000e+15
1.699393045133967000e+15
1.699393045174416000e+15
1.699393045214855000e+15
1.699393045255448000e+15
1.699393045296686000e+15
1.699393045337065000e+15
1.699393045377516000e+15
1.699393045417959000e+15
1.699393045458558000e+15
1.699393045499473000e+15
1.699393045539925000e+15
1.699393045580369000e+15
1.699393045620827000e+15
1.699393045662192000e+15
1.699393045702674000e+15
1.699393045743140000e+15
1.699393045783593000e+15
1.699393045824045000e+15
1.699393045865051000e+15
1.699393045905535000e+15
1.699393045945991000e+15
1.699393045986446000e+15
1.699393046027816000e+15
1.699393046068424000e+15
1.699393046108917000e+15
1.699393046149382000e+15
1.699393046189825000e+15
1.699393046231085000e+15
1.699393046271679000e+15
1.699393046310241000e+15
1.699393046351895000e+15
1.699393046392338000e+15
1.699393046432786000e+15
1.699393046473373000e+15
1.699393046513876000e+15
1.699393046554781000e+15
1.699393046595238000e+15
1.699393046635681000e+15
1.699393046676279000e+15
1.699393046717471000e+15
1.699393046757935000e+15
1.699393046798382000e+15
1.699393046838837000e+15
1.699393046879383000e+15
1.699393046920375000e+15
1.699393046960848000e+15
1.699393047001295000e+15
1.699393047083056000e+15
1.699393047123617000e+15
1.699393047164094000e+15
1.699393047204543000e+15
1.699393047244998000e+15
1.699393047285954000e+15
1.699393047325766000e+15
1.699393047366243000e+15
1.699393047406702000e+15
1.699393047448109000e+15
1.699393047488561000e+15
1.699393047529133000e+15
1.699393047569608000e+15
1.699393047610051000e+15
1.699393047651302000e+15
1.699393047691747000e+15
1.699393047732334000e+15
1.699393047772819000e+15
1.699393047814222000e+15
1.699393047854670000e+15
1.699393047895121000e+15
1.699393047935706000e+15
1.699393047976189000e+15
1.699393048017228000e+15
1.699393048057676000e+15
1.699393048098118000e+15
1.699393048139513000e+15
1.699393048180013000e+15
1.699393048220469000e+15
1.699393048260918000e+15
1.699393048301370000e+15
1.699393048344481000e+15
1.699393048384973000e+15
1.699393048425442000e+15
1.699393048465902000e+15
1.699393048507113000e+15
1.699393048547699000e+15
1.699393048588186000e+15
1.699393048628651000e+15
1.699393048669102000e+15
1.699393048710043000e+15
1.699393048750625000e+15
1.699393048791113000e+15
1.699393048831586000e+15
1.699393048872720000e+15
1.699393048913165000e+15
1.699393048953758000e+15
1.699393048994246000e+15
1.699393049034712000e+15
1.699393049075942000e+15
1.699393049116388000e+15
1.699393049156977000e+15
1.699393049197467000e+15
1.699393049238297000e+15
1.699393049278740000e+15
1.699393049318348000e+15
1.699393049358938000e+15
1.699393049399420000e+15
1.699393049440316000e+15
1.699393049480773000e+15
1.699393049521211000e+15
1.699393049561791000e+15
1.699393049603034000e+15
1.699393049643501000e+15
1.699393049683966000e+15
1.699393049724423000e+15
1.699393049765021000e+15
1.699393049805911000e+15
1.699393049846367000e+15
1.699393049886818000e+15
1.699393049927276000e+15
1.699393049968584000e+15
1.699393050009093000e+15
1.699393050049547000e+15
1.699393050090005000e+15
1.699393050130460000e+15
1.699393050171519000e+15
1.699393050211985000e+15
1.699393050252436000e+15
1.699393050292885000e+15
1.699393050332445000e+15
1.699393050373031000e+15
1.699393050413519000e+15
1.699393050453991000e+15
1.699393050494440000e+15
1.699393050535984000e+15
1.699393050576591000e+15
1.699393050617076000e+15
1.699393050658500000e+15
1.699393050698948000e+15
1.699393050739407000e+15
1.699393050779996000e+15
1.699393050820489000e+15
1.699393050861610000e+15
1.699393050902060000e+15
1.699393050942511000e+15
1.699393050983098000e+15
1.699393051024305000e+15
1.699393051064771000e+15
1.699393051105223000e+15
1.699393051145673000e+15
1.699393051186273000e+15
1.699393051227794000e+15
1.699393051268250000e+15
1.699393051311303000e+15
1.699393051351757000e+15
1.699393051392908000e+15
1.699393051433400000e+15
1.699393051473846000e+15
1.699393051514305000e+15
1.699393051554760000e+15
1.699393051595930000e+15
1.699393051636421000e+15
1.699393051676883000e+15
1.699393051718316000e+15
1.699393051758763000e+15
1.699393051799352000e+15
1.699393051839840000e+15
1.699393051880300000e+15
1.699393051921562000e+15
1.699393051962012000e+15
1.699393052002589000e+15
1.699393052043077000e+15
1.699393052083893000e+15
1.699393052124354000e+15
1.699393052164807000e+15
1.699393052205400000e+15
1.699393052245894000e+15
1.699393052286785000e+15
1.699393052326505000e+15
1.699393052366955000e+15
1.699393052407546000e+15
1.699393052448740000e+15
1.699393052489204000e+15
1.699393052529655000e+15
1.699393052570098000e+15
1.699393052610676000e+15
1.699393052651597000e+15
1.699393052692045000e+15
1.699393052732491000e+15
1.699393052772942000e+15
1.699393052814318000e+15
1.699393052854810000e+15
1.699393052895270000e+15
1.699393052935718000e+15
1.699393052976169000e+15
1.699393053017193000e+15
1.699393053057689000e+15
1.699393053098137000e+15
1.699393053138586000e+15
1.699393053179897000e+15
1.699393053220484000e+15
1.699393053260963000e+15
1.699393053301408000e+15
1.699393053340182000e+15
1.699393053381738000e+15
1.699393053422326000e+15
1.699393053462817000e+15
1.699393053503279000e+15
1.699393053543788000e+15
1.699393053584228000e+15
1.699393053624813000e+15
1.699393053665289000e+15
1.699393053705748000e+15
1.699393053746711000e+15
1.699393053787152000e+15
1.699393053827739000e+15
1.699393053868241000e+15
1.699393053909354000e+15
1.699393053949809000e+15
1.699393053990261000e+15
1.699393054030862000e+15
1.699393054071344000e+15
1.699393054112318000e+15
1.699393054152773000e+15
1.699393054193224000e+15
1.699393054233809000e+15
1.699393054275136000e+15
1.699393054317552000e+15
1.699393054358004000e+15
1.699393054398447000e+15
1.699393054439012000e+15
1.699393054479844000e+15
1.699393054520296000e+15
1.699393054560753000e+15
1.699393054601195000e+15
1.699393054642728000e+15
1.699393054683216000e+15
1.699393054723681000e+15
1.699393054764131000e+15
1.699393054804576000e+15
1.699393054845155000e+15
1.699393054885684000e+15
1.699393054926135000e+15
1.699393054966593000e+15
1.699393055007045000e+15
1.699393055048279000e+15
1.699393055088753000e+15
1.699393055129205000e+15
1.699393055169659000e+15
1.699393055210112000e+15
1.699393055251147000e+15
1.699393055291644000e+15
1.699393055330782000e+15
1.699393055372338000e+15
1.699393055412800000e+15
1.699393055453389000e+15
1.699393055493877000e+15
1.699393055534339000e+15
1.699393055575241000e+15
1.699393055615686000e+15
1.699393055656281000e+15
1.699393055696790000e+15
1.699393055737917000e+15
1.699393055778368000e+15
1.699393055818825000e+15
1.699393055859404000e+15
1.699393055899898000e+15
1.699393055940822000e+15
1.699393055981272000e+15
1.699393056021736000e+15
1.699393056062321000e+15
1.699393056103497000e+15
1.699393056143956000e+15
1.699393056184410000e+15
1.699393056224860000e+15
1.699393056265450000e+15
1.699393056307316000e+15
1.699393056347805000e+15
1.699393056388260000e+15
1.699393056429842000e+15
1.699393056470431000e+15
1.699393056510917000e+15
1.699393056551374000e+15
1.699393056591821000e+15
1.699393056632741000e+15
1.699393056673334000e+15
1.699393056713819000e+15
1.699393056754277000e+15
1.699393056795405000e+15
1.699393056835854000e+15
1.699393056876451000e+15
1.699393056916954000e+15
1.699393056957403000e+15
1.699393056998264000e+15
1.699393057038712000e+15
1.699393057079324000e+15
1.699393057119818000e+15
1.699393057160952000e+15
1.699393057201398000e+15
1.699393057241858000e+15
1.699393057282457000e+15
1.699393057323926000e+15
1.699393057364861000e+15
1.699393057405320000e+15
1.699393057445770000e+15
1.699393057486350000e+15
1.699393057527522000e+15
1.699393057567979000e+15
1.699393057608427000e+15
1.699393057648880000e+15
1.699393057689480000e+15
1.699393057731089000e+15
1.699393057771555000e+15
1.699393057812005000e+15
1.699393057853637000e+15
1.699393057894255000e+15
1.699393057934735000e+15
1.699393057975192000e+15
1.699393058015643000e+15
1.699393058056570000e+15
1.699393058097158000e+15
1.699393058137636000e+15
1.699393058178093000e+15
1.699393058219376000e+15
1.699393058259822000e+15
1.699393058300421000e+15
1.699393058341503000e+15
1.699393058381960000e+15
1.699393058423400000e+15
1.699393058463846000e+15
1.699393058504442000e+15
1.699393058544932000e+15
1.699393058586111000e+15
1.699393058626552000e+15
1.699393058666993000e+15
1.699393058707564000e+15
1.699393058748716000e+15
1.699393058789164000e+15
1.699393058829613000e+15
1.699393058870073000e+15
1.699393058911416000e+15
1.699393058951905000e+15
1.699393058992354000e+15
1.699393059032810000e+15
1.699393059073260000e+15
1.699393059114679000e+15
1.699393059155161000e+15
1.699393059195621000e+15
1.699393059236077000e+15
1.699393059277045000e+15
1.699393059317577000e+15
1.699393059358071000e+15
1.699393059398530000e+15
1.699393059438970000e+15
1.699393059479886000e+15
1.699393059520467000e+15
1.699393059560953000e+15
1.699393059601412000e+15
1.699393059642502000e+15
1.699393059682967000e+15
1.699393059723556000e+15
1.699393059764035000e+15
1.699393059804497000e+15
1.699393059845389000e+15
1.699393059885847000e+15
1.699393059926431000e+15
1.699393059966999000e+15
1.699393060008081000e+15
1.699393060048533000e+15
1.699393060089005000e+15
1.699393060129577000e+15
1.699393060170155000e+15
1.699393060210984000e+15
1.699393060251439000e+15
1.699393060291881000e+15
1.699393060330034000e+15
1.699393060371360000e+15
1.699393060411877000e+15
1.699393060452347000e+15
1.699393060492786000e+15
1.699393060533231000e+15
1.699393060574912000e+15
1.699393060615408000e+15
1.699393060655858000e+15
1.699393060697416000e+15
1.699393060737865000e+15
1.699393060778458000e+15
1.699393060818951000e+15
1.699393060859413000e+15
1.699393060900511000e+15
1.699393060940979000e+15
1.699393060981574000e+15
1.699393061022067000e+15
1.699393061062977000e+15
1.699393061103423000e+15
1.699393061143866000e+15
1.699393061184455000e+15
1.699393061224945000e+15
1.699393061265898000e+15
1.699393061306353000e+15
1.699393061346618000e+15
1.699393061387213000e+15
1.699393061428320000e+15
1.699393061468785000e+15
1.699393061509224000e+15
1.699393061549677000e+15
1.699393061590265000e+15
1.699393061631351000e+15
1.699393061671806000e+15
1.699393061712261000e+15
1.699393061752714000e+15
1.699393061793927000e+15
1.699393061834418000e+15
1.699393061874866000e+15
1.699393061915301000e+15
1.699393061955754000e+15
1.699393061996343000e+15
1.699393062037406000e+15
1.699393062077882000e+15
1.699393062118343000e+15
1.699393062158786000e+15
1.699393062199793000e+15
1.699393062240274000e+15
1.699393062280738000e+15
1.699393062322731000e+15
1.699393062363915000e+15
1.699393062404514000e+15
1.699393062444996000e+15
1.699393062485454000e+15
1.699393062526644000e+15
1.699393062567101000e+15
1.699393062607692000e+15
1.699393062648172000e+15
1.699393062688636000e+15
1.699393062729560000e+15
1.699393062770015000e+15
1.699393062810604000e+15
1.699393062851091000e+15
1.699393062892207000e+15
1.699393062932648000e+15
1.699393062973099000e+15
1.699393063013684000e+15
1.699393063054172000e+15
1.699393063095101000e+15
1.699393063135547000e+15
1.699393063175999000e+15
1.699393063216590000e+15
1.699393063257788000e+15
1.699393063298228000e+15
1.699393063337291000e+15
1.699393063377754000e+15
1.699393063418343000e+15
1.699393063459650000e+15
1.699393063500102000e+15
1.699393063540555000e+15
1.699393063581014000e+15
1.699393063621980000e+15
1.699393063662470000e+15
1.699393063702926000e+15
1.699393063743378000e+15
1.699393063783825000e+15
1.699393063824884000e+15
1.699393063865376000e+15
1.699393063905831000e+15
1.699393063946282000e+15
1.699393063987561000e+15
1.699393064028150000e+15
1.699393064068637000e+15
1.699393064109101000e+15
1.699393064149560000e+15
1.699393064190447000e+15
1.699393064231031000e+15
1.699393064271505000e+15
1.699393064312296000e+15
1.699393064353475000e+15
1.699393064393921000e+15
1.699393064434511000e+15
1.699393064475004000e+15
1.699393064515467000e+15
1.699393064556383000e+15
1.699393064596826000e+15
1.699393064637429000e+15
1.699393064677929000e+15
1.699393064719026000e+15
1.699393064759471000e+15
1.699393064799916000e+15
1.699393064840501000e+15
1.699393064880985000e+15
1.699393064922594000e+15
1.699393064963047000e+15
1.699393065003490000e+15
1.699393065045084000e+15
1.699393065085584000e+15
1.699393065126040000e+15
1.699393065166492000e+15
1.699393065206939000e+15
1.699393065248220000e+15
1.699393065288718000e+15
1.699393065330449000e+15
1.699393065370900000e+15
1.699393065411341000e+15
1.699393065451929000e+15
1.699393065492430000e+15
1.699393065532889000e+15
1.699393065573345000e+15
1.699393065613784000e+15
1.699393065655314000e+15
1.699393065695809000e+15
1.699393065736258000e+15
1.699393065776708000e+15
1.699393065817835000e+15
1.699393065858424000e+15
1.699393065898914000e+15
1.699393065939378000e+15
1.699393065980406000e+15
1.699393066020858000e+15
1.699393066061439000e+15
1.699393066101933000e+15
1.699393066143137000e+15
1.699393066183581000e+15
1.699393066224028000e+15
1.699393066264616000e+15
1.699393066305104000e+15
1.699393066342990000e+15
1.699393066383455000e+15
1.699393066423900000e+15
1.699393066465533000e+15
1.699393066506037000e+15
1.699393066546488000e+15
1.699393066586936000e+15
1.699393066627390000e+15
1.699393066668392000e+15
1.699393066708883000e+15
1.699393066749339000e+15
1.699393066789784000e+15
1.699393066831113000e+15
1.699393066871708000e+15
1.699393066912191000e+15
1.699393066952640000e+15
1.699393066993090000e+15
1.699393067034016000e+15
1.699393067074600000e+15
1.699393067115084000e+15
1.699393067155555000e+15
1.699393067196689000e+15
1.699393067237136000e+15
1.699393067277719000e+15
1.699393067320507000e+15
1.699393067360973000e+15
1.699393067401889000e+15
1.699393067442331000e+15
1.699393067482919000e+15
1.699393067523403000e+15
1.699393067564565000e+15
1.699393067605022000e+15
1.699393067645459000e+15
1.699393067686048000e+15
1.699393067726549000e+15
1.699393067768101000e+15
1.699393067808561000e+15
1.699393067849012000e+15
1.699393067890622000e+15
1.699393067931104000e+15
1.699393067971549000e+15
1.699393068012000000e+15
1.699393068052465000e+15
1.699393068093528000e+15
1.699393068134022000e+15
1.699393068174491000e+15
1.699393068214950000e+15
1.699393068256200000e+15
1.699393068296786000e+15
1.699393068338596000e+15
1.699393068379062000e+15
1.699393068419514000e+15
1.699393068460422000e+15
1.699393068501002000e+15
1.699393068541502000e+15
1.699393068581964000e+15
1.699393068623109000e+15
1.699393068663570000e+15
1.699393068704155000e+15
1.699393068744645000e+15
1.699393068785104000e+15
1.699393068826235000e+15
1.699393068866689000e+15
1.699393068907275000e+15
1.699393068947766000e+15
1.699393068989312000e+15
1.699393069029774000e+15
1.699393069070223000e+15
1.699393069110817000e+15
1.699393069151306000e+15
1.699393069192819000e+15
1.699393069233277000e+15
1.699393069273720000e+15
1.699393069314931000e+15
1.699393069355425000e+15
1.699393069395876000e+15
1.699393069436311000e+15
1.699393069476758000e+15
1.699393069517794000e+15
1.699393069558283000e+15
1.699393069598742000e+15
1.699393069639192000e+15
1.699393069680505000e+15
1.699393069721104000e+15
1.699393069761601000e+15
1.699393069802063000e+15
1.699393069842518000e+15
1.699393069883371000e+15
1.699393069923954000e+15
1.699393069964438000e+15
1.699393070004913000e+15
1.699393070046078000e+15
1.699393070086514000e+15
1.699393070127114000e+15
1.699393070167603000e+15
1.699393070208059000e+15
1.699393070248939000e+15
1.699393070289384000e+15
1.699393070327952000e+15
1.699393070368449000e+15
1.699393070409613000e+15
1.699393070450061000e+15
1.699393070490516000e+15
1.699393070531106000e+15
1.699393070571594000e+15
1.699393070613182000e+15
1.699393070653631000e+15
1.699393070694075000e+15
1.699393070735672000e+15
1.699393070776148000e+15
1.699393070816596000e+15
1.699393070857047000e+15
1.699393070897510000e+15
1.699393070938810000e+15
1.699393070979306000e+15
1.699393071019759000e+15
1.699393071060212000e+15
1.699393071101282000e+15
1.699393071141878000e+15
1.699393071182360000e+15
1.699393071222812000e+15
1.699393071263265000e+15
1.699393071304203000e+15
1.699393071346367000e+15
1.699393071386866000e+15
1.699393071427317000e+15
1.699393071468427000e+15
1.699393071508873000e+15
1.699393071549473000e+15
1.699393071589979000e+15
1.699393071630436000e+15
1.699393071671317000e+15
1.699393071711774000e+15
1.699393071752364000e+15
1.699393071792843000e+15
1.699393071834003000e+15
1.699393071874447000e+15
1.699393071914889000e+15
1.699393071955457000e+15
1.699393071995947000e+15
1.699393072037559000e+15
1.699393072078012000e+15
1.699393072118458000e+15
1.699393072159058000e+15
1.699393072199690000e+15
1.699393072240141000e+15
1.699393072280582000e+15
1.699393072318357000e+15
1.699393072358962000e+15
1.699393072399888000e+15
1.699393072440353000e+15
1.699393072480799000e+15
1.699393072521247000e+15
1.699393072561824000e+15
1.699393072602631000e+15
1.699393072643075000e+15
1.699393072683522000e+15
1.699393072723972000e+15
1.699393072764570000e+15
1.699393072805759000e+15
1.699393072846213000e+15
1.699393072886654000e+15
1.699393072928065000e+15
1.699393072968656000e+15
1.699393073009154000e+15
1.699393073049618000e+15
1.699393073090060000e+15
1.699393073130949000e+15
1.699393073171542000e+15
1.699393073212032000e+15
1.699393073252486000e+15
1.699393073293650000e+15
1.699393073336388000e+15
1.699393073376972000e+15
1.699393073417470000e+15
1.699393073457931000e+15
1.699393073499135000e+15
1.699393073539576000e+15
1.699393073580168000e+15
1.699393073620655000e+15
1.699393073661500000e+15
1.699393073701946000e+15
1.699393073742404000e+15
1.699393073782991000e+15
1.699393073823476000e+15
1.699393073864378000e+15
1.699393073904826000e+15
1.699393073945275000e+15
1.699393073985873000e+15
1.699393074027052000e+15
1.699393074067515000e+15
1.699393074107967000e+15
1.699393074148421000e+15
1.699393074189010000e+15
1.699393074230003000e+15
1.699393074270458000e+15
1.699393074309923000e+15
1.699393074350407000e+15
1.699393074391649000e+15
1.699393074432165000e+15
1.699393074472631000e+15
1.699393074513093000e+15
1.699393074553543000e+15
1.699393074594583000e+15
1.699393074635082000e+15
1.699393074675541000e+15
1.699393074715992000e+15
1.699393074757286000e+15
1.699393074797867000e+15
1.699393074838371000e+15
1.699393074878820000e+15
1.699393074919269000e+15
1.699393074960877000e+15
1.699393075001486000e+15
1.699393075041964000e+15
1.699393075083315000e+15
1.699393075123771000e+15
1.699393075164212000e+15
1.699393075204796000e+15
1.699393075245294000e+15
1.699393075286205000e+15
1.699393075326928000e+15
1.699393075367389000e+15
1.699393075407946000e+15
1.699393075449175000e+15
1.699393075489640000e+15
1.699393075530083000e+15
1.699393075570543000e+15
1.699393075611105000e+15
1.699393075652093000e+15
1.699393075692568000e+15
1.699393075733019000e+15
1.699393075773466000e+15
1.699393075814849000e+15
1.699393075855440000e+15
1.699393075895930000e+15
1.699393075936383000e+15
1.699393075976832000e+15
1.699393076017732000e+15
1.699393076058327000e+15
1.699393076098809000e+15
1.699393076139281000e+15
1.699393076179715000e+15
1.699393076220486000e+15
1.699393076261079000e+15
1.699393076301567000e+15
1.699393076339689000e+15
1.699393076380144000e+15
1.699393076421522000e+15
1.699393076462106000e+15
1.699393076502593000e+15
1.699393076543591000e+15
1.699393076584046000e+15
1.699393076624502000e+15
1.699393076665100000e+15
1.699393076705591000e+15
1.699393076746461000e+15
1.699393076786913000e+15
1.699393076827369000e+15
1.699393076867958000e+15
1.699393076909166000e+15
1.699393076949624000e+15
1.699393076990067000e+15
1.699393077030525000e+15
1.699393077071115000e+15
1.699393077112014000e+15
1.699393077152474000e+15
1.699393077192933000e+15
1.699393077233375000e+15
1.699393077274734000e+15
1.699393077318731000e+15
1.699393077359206000e+15
1.699393077399649000e+15
1.699393077440093000e+15
1.699393077481116000e+15
1.699393077521618000e+15
1.699393077562078000e+15
1.699393077602528000e+15
1.699393077643807000e+15
1.699393077684419000e+15
1.699393077724906000e+15
1.699393077765362000e+15
1.699393077805817000e+15
1.699393077847090000e+15
1.699393077887677000e+15
1.699393077928170000e+15
1.699393077968631000e+15
1.699393078009384000e+15
1.699393078049826000e+15
1.699393078090422000e+15
1.699393078130922000e+15
1.699393078171390000e+15
1.699393078212334000e+15
1.699393078252791000e+15
1.699393078293389000e+15
1.699393078332097000e+15
1.699393078373184000e+15
1.699393078413626000e+15
1.699393078454074000e+15
1.699393078494677000e+15
1.699393078535166000e+15
1.699393078576105000e+15
1.699393078616552000e+15
1.699393078657002000e+15
1.699393078697583000e+15
1.699393078738792000e+15
