0.000000000000000000e+00
0.000000000000000000e+00
0.000000000000000000e+00
0.000000000000000000e+00
0.000000000000000000e+00
0.000000000000000000e+00
0.000000000000000000e+00
0.000000000000000000e+00
0.000000000000000000e+00
0.000000000000000000e+00
0.000000000000000000e+00
0.000000000000000000e+00
0.000000000000000000e+00
0.000000000000000000e+00
0.000000000000000000e+00
0.000000000000000000e+00
0.000000000000000000e+00
0.000000000000000000e+00
0.000000000000000000e+00
0.000000000000000000e+00
0.000000000000000000e+00
0.000000000000000000e+00
0.000000000000000000e+00
0.000000000000000000e+00
0.000000000000000000e+00
0.000000000000000000e+00
0.000000000000000000e+00
0.000000000000000000e+00
0.000000000000000000e+00
0.000000000000000000e+00
0.000000000000000000e+00
0.000000000000000000e+00
0.000000000000000000e+00
0.000000000000000000e+00
0.000000000000000000e+00
0.000000000000000000e+00
0.000000000000000000e+00
0.000000000000000000e+00
0.000000000000000000e+00
0.000000000000000000e+00
0.000000000000000000e+00
0.000000000000000000e+00
0.000000000000000000e+00
0.000000000000000000e+00
0.000000000000000000e+00
0.000000000000000000e+00
0.000000000000000000e+00
0.000000000000000000e+00
0.000000000000000000e+00
0.000000000000000000e+00
0.000000000000000000e+00
0.000000000000000000e+00
0.000000000000000000e+00
0.000000000000000000e+00
0.000000000000000000e+00
0.000000000000000000e+00
0.000000000000000000e+00
0.000000000000000000e+00
0.000000000000000000e+00
0.000000000000000000e+00
0.000000000000000000e+00
0.000000000000000000e+00
0.000000000000000000e+00
0.000000000000000000e+00
0.000000000000000000e+00
0.000000000000000000e+00
0.000000000000000000e+00
0.000000000000000000e+00
0.000000000000000000e+00
0.000000000000000000e+00
0.000000000000000000e+00
0.000000000000000000e+00
0.000000000000000000e+00
0.000000000000000000e+00
0.000000000000000000e+00
0.000000000000000000e+00
0.000000000000000000e+00
0.000000000000000000e+00
0.000000000000000000e+00
0.000000000000000000e+00
0.000000000000000000e+00
0.000000000000000000e+00
0.000000000000000000e+00
0.000000000000000000e+00
0.000000000000000000e+00
0.000000000000000000e+00
0.000000000000000000e+00
0.000000000000000000e+00
0.000000000000000000e+00
0.000000000000000000e+00
0.000000000000000000e+00
0.000000000000000000e+00
0.000000000000000000e+00
0.000000000000000000e+00
0.000000000000000000e+00
0.000000000000000000e+00
0.000000000000000000e+00
0.000000000000000000e+00
0.000000000000000000e+00
0.000000000000000000e+00
0.000000000000000000e+00
0.000000000000000000e+00
0.000000000000000000e+00
0.000000000000000000e+00
0.000000000000000000e+00
0.000000000000000000e+00
0.000000000000000000e+00
0.000000000000000000e+00
0.000000000000000000e+00
0.000000000000000000e+00
0.000000000000000000e+00
0.000000000000000000e+00
0.000000000000000000e+00
0.000000000000000000e+00
0.000000000000000000e+00
0.000000000000000000e+00
0.000000000000000000e+00
0.000000000000000000e+00
0.000000000000000000e+00
0.000000000000000000e+00
0.000000000000000000e+00
0.000000000000000000e+00
0.000000000000000000e+00
0.000000000000000000e+00
0.000000000000000000e+00
0.000000000000000000e+00
0.000000000000000000e+00
0.000000000000000000e+00
0.000000000000000000e+00
0.000000000000000000e+00
0.000000000000000000e+00
0.000000000000000000e+00
0.000000000000000000e+00
0.000000000000000000e+00
-1.927063422044739127e-04
5.203071516007184982e-03
5.588483531028032303e-03
7.900959812104701996e-03
8.286372758448123932e-03
9.249904192984104156e-03
6.166602950543165207e-03
2.890595002099871635e-03
2.312476048246026039e-03
9.635317255742847919e-04
3.854126844089478254e-04
1.348944380879402161e-03
1.734356977976858616e-03
1.541650737635791302e-03
1.348944380879402161e-03
1.156238024123013020e-03
3.854126844089478254e-04
-9.635317255742847919e-04
5.781190120615065098e-04
-5.781190120615065098e-04
-5.781190120615065098e-04
-2.697888761758804321e-03
-4.239539615809917450e-03
-2.890595002099871635e-03
-1.541650737635791302e-03
1.927063451148569584e-03
3.276007948443293571e-03
3.854126902297139168e-03
4.624952096492052078e-03
4.624952096492052078e-03
4.239539615809917450e-03
3.854126902297139168e-03
3.083301475271582603e-03
5.395777523517608643e-03
4.432245623320341110e-03
6.937427911907434464e-03
4.432245623320341110e-03
6.359309423714876175e-03
5.395777523517608643e-03
6.359309423714876175e-03
5.395777523517608643e-03
4.046833142638206482e-03
4.239539615809917450e-03
2.505182521417737007e-03
2.312476048246026039e-03
-5.781190120615065098e-04
-9.057198651134967804e-03
-5.376506969332695007e-02
-8.055125176906585693e-02
-1.200560480356216431e-01
-1.562848538160324097e-01
-2.067739069461822510e-01
-2.514817714691162109e-01
-3.091009855270385742e-01
-3.613243997097015381e-01
-4.154748618602752686e-01
-4.740576148033142090e-01
-5.341819524765014648e-01
-5.939209461212158203e-01
-6.640660762786865234e-01
-7.290080785751342773e-01
-7.943355441093444824e-01
-8.633244633674621582e-01
-9.247977733612060547e-01
-9.731670022010803223e-01
-1.019223928451538086e+00
-1.070676445960998535e+00
-1.111722826957702637e+00
-1.146988153457641602e+00
-1.184951305389404297e+00
-1.217325925827026367e+00
-1.246231913566589355e+00
-1.276101350784301758e+00
-1.307512521743774414e+00
-1.332564353942871094e+00
-1.356845378875732422e+00
-1.379392027854919434e+00
-1.400975108146667480e+00
-1.414657235145568848e+00
-1.432193517684936523e+00
-1.451078772544860840e+00
-1.474010825157165527e+00
-1.491547107696533203e+00
-1.514479160308837891e+00
-1.536062240600585938e+00
-1.553213119506835938e+00
-1.572676539421081543e+00
-1.592910647392272949e+00
-1.610446929931640625e+00
-1.627019643783569336e+00
-1.642050743103027344e+00
-1.655154824256896973e+00
-1.669993162155151367e+00
-1.686565876007080078e+00
-1.704102277755737305e+00
-1.722794771194458008e+00
-1.739752769470214844e+00
-1.757674455642700195e+00
-1.776174426078796387e+00
-1.796408534049987793e+00
-1.816257238388061523e+00
-1.833793520927429199e+00
-1.852871417999267578e+00
-1.871371269226074219e+00
-1.892761707305908203e+00
-1.907214641571044922e+00
-1.897001266479492188e+00
-1.843043446540832520e+00
-1.823580145835876465e+00
-1.795252323150634766e+00
-1.764226555824279785e+00
-1.716435313224792480e+00
-1.670763969421386719e+00
-1.624129056930541992e+00
-1.580770015716552734e+00
-1.529895663261413574e+00
-1.467844247817993164e+00
-1.412730097770690918e+00
-1.356267213821411133e+00
-1.293252229690551758e+00
-1.221565485000610352e+00
-1.158743143081665039e+00
-1.093415737152099609e+00
-1.025968551635742188e+00
-9.477298259735107422e-01
-8.781628012657165527e-01
-8.082103729248046875e-01
-7.388361096382141113e-01
-6.688837409019470215e-01
-5.869835019111633301e-01
-5.156821608543395996e-01
-4.528599083423614502e-01
-4.120061397552490234e-01
-3.746211230754852295e-01
-3.314549028873443604e-01
-3.031270802021026611e-01
-2.767263054847717285e-01
-2.516744732856750488e-01
-2.231539487838745117e-01
-1.984875351190567017e-01
-1.718940585851669312e-01
-1.520452946424484253e-01
-1.320038437843322754e-01
-1.125405058264732361e-01
-8.922304213047027588e-02
-6.975969672203063965e-02
-5.106718093156814575e-02
-3.333819657564163208e-02
-1.387485582381486893e-02
1.156238024123013020e-03
1.368215028196573257e-02
2.543723769485950470e-02
3.661420568823814392e-02
4.798387736082077026e-02
5.954625830054283142e-02
7.110863924026489258e-02
8.286372572183609009e-02
1.000145897269248962e-01
1.181289926171302795e-01
1.345090270042419434e-01
1.501182466745376587e-01
1.659201681613922119e-01
1.863470375537872314e-01
2.033051997423171997e-01
2.158311158418655396e-01
2.297059595584869385e-01
2.460860013961791992e-01
2.613098025321960449e-01
2.792314887046813965e-01
2.948406934738159180e-01
3.077520132064819336e-01
3.193144202232360840e-01
3.738503158092498779e-01
4.066103994846343994e-01
4.416829347610473633e-01
4.821512699127197266e-01
5.376507043838500977e-01
5.858272910118103027e-01
6.451808214187622070e-01
6.983677744865417480e-01
7.567578554153442383e-01
8.161113858222961426e-01
8.860637545585632324e-01
9.411777853965759277e-01
9.916668534278869629e-01
1.037723660469055176e+00
1.081853389739990234e+00
1.124441504478454590e+00
1.150456905364990234e+00
1.175123214721679688e+00
1.199596881866455078e+00
1.221180081367492676e+00
1.237560153007507324e+00
1.249315142631530762e+00
1.261263012886047363e+00
1.270127534866333008e+00
1.281882643699645996e+00
1.292288780212402344e+00
1.299226164817810059e+00
1.307319760322570801e+00
1.315220832824707031e+00
1.321194648742675781e+00
1.325626850128173828e+00
1.327553987503051758e+00
1.332371711730957031e+00
1.337189316749572754e+00
1.341428875923156738e+00
1.346439242362976074e+00
1.352605819702148438e+00
1.360892176628112793e+00
1.367058753967285156e+00
1.372647285461425781e+00
1.382860779762268066e+00
1.395964741706848145e+00
1.410610437393188477e+00
1.429110288619995117e+00
1.446068406105041504e+00
1.476323246955871582e+00
1.507541656494140625e+00
1.541843414306640625e+00
1.575759768486022949e+00
1.613915681838989258e+00
1.660357832908630371e+00
1.703523993492126465e+00
1.741872668266296387e+00
1.794481515884399414e+00
1.852293372154235840e+00
1.901818871498107910e+00
1.947875618934631348e+00
1.990849256515502930e+00
2.023609399795532227e+00
2.045385122299194336e+00
2.070051431655883789e+00
2.096837759017944336e+00
2.120347976684570312e+00
2.144243478775024414e+00
2.162743091583251953e+00
2.174883842468261719e+00
2.184133768081665039e+00
2.196466922760009766e+00
2.211883544921875000e+00
2.225758075714111328e+00
2.238669633865356445e+00
2.251195430755615234e+00
2.266997337341308594e+00
2.279908657073974609e+00
2.293783664703369141e+00
2.306694746017456055e+00
2.315559387207031250e+00
2.309585571289062500e+00
2.269309759140014648e+00
2.244065284729003906e+00
2.204560518264770508e+00
2.166597366333007812e+00
2.123431205749511719e+00
2.080842971801757812e+00
2.034978866577148438e+00
1.982177495956420898e+00
1.931303024291992188e+00
1.880428433418273926e+00
1.824350953102111816e+00
1.758830785751342773e+00
1.699091911315917969e+00
1.636269569396972656e+00
1.575374364852905273e+00
1.511395812034606934e+00
1.435662150382995605e+00
1.368793129920959473e+00
1.302694797515869141e+00
1.234476804733276367e+00
1.155274510383605957e+00
1.083780527114868164e+00
1.013828039169311523e+00
9.419485926628112793e-01
8.602411150932312012e-01
7.862418889999389648e-01
7.137843370437622070e-01
6.409413218498229980e-01
5.578848719596862793e-01
4.815731644630432129e-01
4.158602952957153320e-01
3.586264848709106445e-01
3.179654479026794434e-01
2.657420337200164795e-01
2.262372523546218872e-01
1.903938651084899902e-01
1.582119017839431763e-01
1.277642995119094849e-01
1.036760136485099792e-01
7.766065746545791626e-02
5.646295845508575439e-02
3.622879460453987122e-02
1.503109466284513474e-02
-4.046833142638206482e-03
-2.139040455222129822e-02
-4.008292034268379211e-02
-5.742648988962173462e-02
-7.284300029277801514e-02
-9.134280681610107422e-02
-1.054103672504425049e-01
-1.188998073339462280e-01
-1.320038437843322754e-01
-1.437589377164840698e-01
-1.543577760457992554e-01
-1.659201681613922119e-01
-1.794095933437347412e-01
-1.903938651084899902e-01
-2.019562423229217529e-01
-2.142894566059112549e-01
-2.270080596208572388e-01
-2.406902164220809937e-01
-2.561067342758178711e-01
-2.719086706638336182e-01
-2.888668179512023926e-01
-3.037052154541015625e-01
-3.206633627414703369e-01
-3.333819806575775146e-01
-3.487984836101531982e-01
-3.619025051593780518e-01
-3.755846619606018066e-01
-3.906157314777374268e-01
-4.491984844207763672e-01
-4.757919609546661377e-01
-5.097082853317260742e-01
-5.532599091529846191e-01
-6.097228527069091797e-01
-6.561650633811950684e-01
-7.070395946502685547e-01
-7.706326842308044434e-01
-8.267101645469665527e-01
-8.876053690910339355e-01
-9.386726021766662598e-01
-9.824169278144836426e-01
-1.026932001113891602e+00
-1.069520235061645508e+00
-1.110759377479553223e+00
-1.149878740310668945e+00
-1.183795094490051270e+00
-1.213279128074645996e+00
-1.242763161659240723e+00
-1.269356727600097656e+00
-1.294601202011108398e+00
-1.315413475036621094e+00
-1.338923692703247070e+00
-1.355881810188293457e+00
-1.375345110893249512e+00
-1.394037604331970215e+00
-1.409839630126953125e+00
-1.426797866821289062e+00
-1.443370461463928223e+00
-1.459557890892028809e+00
-1.473625421524047852e+00
-1.487114906311035156e+00
-1.503109455108642578e+00
-1.517562508583068848e+00
-1.531244635581970215e+00
-1.547817349433898926e+00
-1.564582824707031250e+00
-1.579806566238403320e+00
-1.594452261924743652e+00
-1.603509426116943359e+00
-1.605051159858703613e+00
-1.604280352592468262e+00
-1.611410379409790039e+00
-1.622780084609985352e+00
-1.633571624755859375e+00
-1.642821550369262695e+00
-1.649180889129638672e+00
-1.661321401596069336e+00
-1.670378565788269043e+00
-1.679821133613586426e+00
-1.686758637428283691e+00
-1.696201205253601074e+00
-1.705258488655090332e+00
-1.714701056480407715e+00
-1.725492596626281738e+00
-1.736284136772155762e+00
-1.747075676918029785e+00
-1.757096409797668457e+00
-1.768658876419067383e+00
-1.779450297355651855e+00
-1.790241956710815430e+00
-1.800262689590454102e+00
-1.812210440635681152e+00
-1.829168558120727539e+00
-1.846897602081298828e+00
-1.864048480987548828e+00
-1.875803470611572266e+00
-1.888907551765441895e+00
-1.900277256965637207e+00
-1.913959383964538574e+00
-1.926678061485290527e+00
-1.938625812530517578e+00
-1.954235076904296875e+00
-1.966953635215759277e+00
-1.981984734535217285e+00
-1.969458818435668945e+00
-1.913381338119506836e+00
-1.891027331352233887e+00
-1.857881903648376465e+00
-1.820496797561645508e+00
-1.778486847877502441e+00
-1.727612376213073730e+00
-1.680206537246704102e+00
-1.627405047416687012e+00
-1.573061943054199219e+00
-1.510046958923339844e+00
-1.450886011123657227e+00
-1.391147136688232422e+00
-1.330637216567993164e+00
-1.268778562545776367e+00
-1.195935606956481934e+00
-1.129837274551391602e+00
-1.062197327613830566e+00
-9.943646788597106934e-01
-9.174748659133911133e-01
-8.486787080764770508e-01
-7.793044447898864746e-01
-7.089666724205017090e-01
-6.272591948509216309e-01
-5.634733438491821289e-01
-5.066249370574951172e-01
-4.650003910064697266e-01
-4.187508821487426758e-01
-3.790533542633056641e-01
-3.441735208034515381e-01
-3.092936873435974121e-01
-2.734502851963043213e-01
-2.460860013961791992e-01
-2.221904098987579346e-01
-1.996437758207321167e-01
-1.745919436216354370e-01
-1.520452946424484253e-01
-1.321965456008911133e-01
-1.133113354444503784e-01
-9.326986968517303467e-02
-7.361382246017456055e-02
-5.453589558601379395e-02
-3.391631692647933960e-02
-1.483838818967342377e-02
5.010365042835474014e-03
2.293205633759498596e-02
4.123915731906890869e-02
5.839002132415771484e-02
7.727524638175964355e-02
9.577505290508270264e-02
1.125405058264732361e-01
1.294986605644226074e-01
1.460714191198348999e-01
1.620660424232482910e-01
1.772898435592651367e-01
1.938625872135162354e-01
2.137113362550735474e-01
2.291278392076492310e-01
2.451224625110626221e-01
2.638149857521057129e-01
2.838564217090606689e-01
3.000437915325164795e-01
3.189289867877960205e-01
3.374288082122802734e-01
3.505328297615051270e-01
3.603608608245849609e-01
4.206779599189758301e-01
4.497766196727752686e-01
4.865835011005401611e-01
5.270518064498901367e-01
5.777336359024047852e-01
6.320767998695373535e-01
6.885398030281066895e-01
7.446172833442687988e-01
8.095593452453613281e-01
8.725743293762207031e-01
9.286518096923828125e-01
9.756721854209899902e-01
1.010552048683166504e+00
1.050827741622924805e+00
1.087827324867248535e+00
1.119238495826721191e+00
1.151998519897460938e+00
1.184180498123168945e+00
1.212893724441528320e+00
1.241606950759887695e+00
1.268007636070251465e+00
1.296142935752868652e+00
1.327939391136169434e+00
1.351449608802795410e+00
1.370720148086547852e+00
1.387678384780883789e+00
1.406563639640808105e+00
1.423907160758972168e+00
1.442021608352661133e+00
1.460521340370178223e+00
1.483067989349365234e+00
1.504265785217285156e+00
1.526234149932861328e+00
1.543963193893432617e+00
1.568822383880615234e+00
1.589056491851806641e+00
1.610639572143554688e+00
1.629717469215393066e+00
1.647253751754760742e+00
1.666331648826599121e+00
1.685795068740844727e+00
1.705065727233886719e+00
1.723758220672607422e+00
1.744956016540527344e+00
1.764611959457397461e+00
1.784653425216674805e+00
1.805080294609069824e+00
1.826856136322021484e+00
1.845355987548828125e+00
1.864819288253784180e+00
1.885053515434265137e+00
1.907792806625366211e+00
1.927641510963439941e+00
1.946334004402160645e+00
1.963292241096496582e+00
1.949610114097595215e+00
1.912225127220153809e+00
1.891027331352233887e+00
1.856147408485412598e+00
1.818762421607971191e+00
1.771356582641601562e+00
1.729346632957458496e+00
1.685602426528930664e+00
1.638774752616882324e+00
1.580962777137756348e+00
1.528546690940856934e+00
1.474396228790283203e+00
1.416777014732360840e+00
1.356652617454528809e+00
1.288241863250732422e+00
1.233898758888244629e+00
1.163946390151977539e+00
1.097077250480651855e+00
1.030208110809326172e+00
9.641098380088806152e-01
8.879907727241516113e-01
8.180384635925292969e-01
7.397996187210083008e-01
6.702326536178588867e-01
5.941136479377746582e-01
5.307132601737976074e-01
4.688545167446136475e-01
4.280007779598236084e-01
3.804022967815399170e-01
3.389704525470733643e-01
2.994656562805175781e-01
2.699815928936004639e-01
2.393412739038467407e-01
2.123623788356781006e-01
1.876959800720214844e-01
1.612952053546905518e-01
1.389412730932235718e-01
1.169727519154548645e-01
9.673858433961868286e-02
7.688982784748077393e-02
6.108791008591651917e-02
4.624952003359794617e-02
3.179654479026794434e-02
1.676545292139053345e-02
-4.624952096492052078e-03
-2.505182288587093353e-02
-4.547869786620140076e-02
-6.436391919851303101e-02
-8.170748502016067505e-02
-9.596775472164154053e-02
-1.086863726377487183e-01
-1.198633462190628052e-01
-1.335454881191253662e-01
-1.510817706584930420e-01
-1.672691106796264648e-01
-1.801804304122924805e-01
-1.938625872135162354e-01
-2.075447291135787964e-01
-2.229612320661544800e-01
-2.393412739038467407e-01
-2.580338120460510254e-01
-2.759554684162139893e-01
-2.932990789413452148e-01
-3.114134669303894043e-01
-3.312622010707855225e-01
-3.509182333946228027e-01
-3.671056032180786133e-01
-3.854126930236816406e-01
-4.033343791961669922e-01
-4.233758151531219482e-01
-4.416829347610473633e-01
-4.599900543689727783e-01
-4.804169237613677979e-01
-5.012291669845581055e-01
-5.195363163948059082e-01
-5.372653007507324219e-01
-5.565358996391296387e-01
-5.748429894447326660e-01
-5.960407257080078125e-01
-6.185873746871948242e-01
-6.438319087028503418e-01
-6.646441817283630371e-01
-6.893106102943420410e-01
-7.091593742370605469e-01
-7.330549359321594238e-01
-7.521328926086425781e-01
-7.764138579368591309e-01
-7.978042960166931152e-01
-8.253612518310546875e-01
-8.427048325538635254e-01
-8.685274720191955566e-01
-8.841367363929748535e-01
-9.145842790603637695e-01
-9.300007820129394531e-01
-9.583286046981811523e-01
-9.749013781547546387e-01
-1.008239507675170898e+00
-1.005734443664550781e+00
-9.737451076507568359e-01
-9.494641423225402832e-01
-9.247977733612060547e-01
-8.831731677055358887e-01
-8.427048325538635254e-01
-8.014656305313110352e-01
-7.569505572319030762e-01
-7.026073336601257324e-01
-6.590557098388671875e-01
-6.004729866981506348e-01
-5.389996767044067383e-01
-4.871616363525390625e-01
-4.351309239864349365e-01
-3.842564523220062256e-01
-3.291424214839935303e-01
-2.823148071765899658e-01
-2.387631535530090332e-01
-1.986802369356155396e-01
-1.551286131143569946e-01
-1.190925166010856628e-01
-8.613973855972290039e-02
-5.588483810424804688e-02
-2.794241905212402344e-02
9.635317255742847919e-04
1.830710284411907196e-02
1.888522133231163025e-02
1.888522133231163025e-02
1.888522133231163025e-02
1.888522133231163025e-02
1.888522133231163025e-02
1.888522133231163025e-02
1.869251579046249390e-02
1.869251579046249390e-02
1.869251579046249390e-02
1.869251579046249390e-02
1.869251579046249390e-02
1.849980838596820831e-02
1.849980838596820831e-02
1.849980838596820831e-02
1.849980838596820831e-02
1.849980838596820831e-02
1.849980838596820831e-02
1.849980838596820831e-02
1.849980838596820831e-02
1.830710284411907196e-02
1.830710284411907196e-02
1.830710284411907196e-02
1.830710284411907196e-02
1.830710284411907196e-02
1.830710284411907196e-02
1.830710284411907196e-02
1.830710284411907196e-02
1.830710284411907196e-02
1.830710284411907196e-02
1.811439730226993561e-02
1.811439730226993561e-02
1.811439730226993561e-02
1.811439730226993561e-02
1.811439730226993561e-02
1.811439730226993561e-02
1.811439730226993561e-02
1.811439730226993561e-02
1.811439730226993561e-02
1.811439730226993561e-02
1.811439730226993561e-02
1.811439730226993561e-02
1.811439730226993561e-02
1.811439730226993561e-02
1.811439730226993561e-02
1.811439730226993561e-02
1.811439730226993561e-02
1.811439730226993561e-02
1.811439730226993561e-02
1.811439730226993561e-02
1.811439730226993561e-02
1.811439730226993561e-02
1.811439730226993561e-02
1.811439730226993561e-02
1.811439730226993561e-02
1.811439730226993561e-02
1.811439730226993561e-02
1.811439730226993561e-02
1.811439730226993561e-02
1.811439730226993561e-02
1.811439730226993561e-02
1.811439730226993561e-02
1.811439730226993561e-02
1.811439730226993561e-02
1.811439730226993561e-02
1.792168989777565002e-02
1.792168989777565002e-02
1.792168989777565002e-02
1.792168989777565002e-02
1.792168989777565002e-02
1.792168989777565002e-02
1.792168989777565002e-02
1.792168989777565002e-02
1.792168989777565002e-02
1.792168989777565002e-02
1.792168989777565002e-02
1.792168989777565002e-02
1.792168989777565002e-02
1.792168989777565002e-02
1.792168989777565002e-02
1.792168989777565002e-02
1.792168989777565002e-02
1.792168989777565002e-02
1.792168989777565002e-02
1.792168989777565002e-02
1.792168989777565002e-02
1.792168989777565002e-02
1.792168989777565002e-02
1.792168989777565002e-02
1.792168989777565002e-02
1.792168989777565002e-02
1.792168989777565002e-02
1.792168989777565002e-02
1.792168989777565002e-02
1.792168989777565002e-02
1.792168989777565002e-02
1.792168989777565002e-02
1.792168989777565002e-02
1.792168989777565002e-02
1.792168989777565002e-02
1.792168989777565002e-02
1.792168989777565002e-02
1.792168989777565002e-02
1.792168989777565002e-02
1.792168989777565002e-02
1.792168989777565002e-02
1.792168989777565002e-02
1.792168989777565002e-02
1.792168989777565002e-02
1.792168989777565002e-02
1.792168989777565002e-02
1.792168989777565002e-02
1.792168989777565002e-02
1.792168989777565002e-02
1.792168989777565002e-02
1.792168989777565002e-02
1.792168989777565002e-02
1.792168989777565002e-02
1.792168989777565002e-02
1.792168989777565002e-02
1.792168989777565002e-02
1.792168989777565002e-02
1.792168989777565002e-02
1.792168989777565002e-02
1.792168989777565002e-02
1.792168989777565002e-02
1.792168989777565002e-02
1.792168989777565002e-02
1.792168989777565002e-02
1.792168989777565002e-02
1.792168989777565002e-02
1.792168989777565002e-02
1.792168989777565002e-02
1.792168989777565002e-02
1.792168989777565002e-02
1.792168989777565002e-02
1.792168989777565002e-02
1.792168989777565002e-02
1.792168989777565002e-02
1.792168989777565002e-02
1.792168989777565002e-02
1.792168989777565002e-02
1.792168989777565002e-02
1.792168989777565002e-02
1.792168989777565002e-02
1.792168989777565002e-02
1.792168989777565002e-02
1.792168989777565002e-02
1.792168989777565002e-02
1.792168989777565002e-02
1.792168989777565002e-02
1.792168989777565002e-02
1.792168989777565002e-02
1.792168989777565002e-02
1.792168989777565002e-02
1.792168989777565002e-02
1.792168989777565002e-02
1.792168989777565002e-02
1.792168989777565002e-02
1.792168989777565002e-02
1.792168989777565002e-02
1.792168989777565002e-02
1.792168989777565002e-02
1.792168989777565002e-02
1.792168989777565002e-02
1.792168989777565002e-02
1.792168989777565002e-02
1.792168989777565002e-02
1.792168989777565002e-02
1.792168989777565002e-02
1.792168989777565002e-02
1.792168989777565002e-02
1.792168989777565002e-02
1.772898249328136444e-02
1.772898249328136444e-02
1.772898249328136444e-02
1.772898249328136444e-02
1.772898249328136444e-02
1.772898249328136444e-02
1.772898249328136444e-02
1.772898249328136444e-02
1.772898249328136444e-02
1.772898249328136444e-02
1.772898249328136444e-02
1.772898249328136444e-02
1.772898249328136444e-02
1.772898249328136444e-02
1.772898249328136444e-02
1.772898249328136444e-02
1.772898249328136444e-02
1.772898249328136444e-02
1.772898249328136444e-02
1.772898249328136444e-02
1.772898249328136444e-02
1.772898249328136444e-02
1.772898249328136444e-02
1.772898249328136444e-02
1.772898249328136444e-02
1.772898249328136444e-02
1.772898249328136444e-02
1.772898249328136444e-02
1.772898249328136444e-02
1.772898249328136444e-02
1.772898249328136444e-02
1.772898249328136444e-02
1.772898249328136444e-02
1.772898249328136444e-02
1.772898249328136444e-02
1.772898249328136444e-02
1.772898249328136444e-02
1.772898249328136444e-02
1.772898249328136444e-02
1.772898249328136444e-02
1.772898249328136444e-02
1.772898249328136444e-02
1.772898249328136444e-02
1.772898249328136444e-02
1.772898249328136444e-02
1.772898249328136444e-02
1.772898249328136444e-02
1.772898249328136444e-02
1.772898249328136444e-02
1.772898249328136444e-02
1.772898249328136444e-02
1.772898249328136444e-02
1.772898249328136444e-02
1.772898249328136444e-02
1.772898249328136444e-02
1.772898249328136444e-02
1.772898249328136444e-02
1.772898249328136444e-02
1.772898249328136444e-02
1.772898249328136444e-02
1.772898249328136444e-02
1.772898249328136444e-02
1.772898249328136444e-02
1.772898249328136444e-02
1.772898249328136444e-02
1.772898249328136444e-02
1.772898249328136444e-02
1.772898249328136444e-02
1.772898249328136444e-02
1.772898249328136444e-02
1.772898249328136444e-02
1.772898249328136444e-02
1.772898249328136444e-02
1.772898249328136444e-02
1.772898249328136444e-02
1.772898249328136444e-02
1.772898249328136444e-02
1.772898249328136444e-02
1.772898249328136444e-02
1.772898249328136444e-02
1.772898249328136444e-02
1.772898249328136444e-02
1.772898249328136444e-02
1.772898249328136444e-02
1.772898249328136444e-02
1.772898249328136444e-02
1.772898249328136444e-02
1.772898249328136444e-02
1.772898249328136444e-02
1.772898249328136444e-02
1.772898249328136444e-02
1.772898249328136444e-02
1.772898249328136444e-02
1.772898249328136444e-02
1.772898249328136444e-02
1.772898249328136444e-02
1.772898249328136444e-02
1.772898249328136444e-02
1.772898249328136444e-02
1.772898249328136444e-02
1.772898249328136444e-02
1.772898249328136444e-02
1.772898249328136444e-02
1.772898249328136444e-02
1.772898249328136444e-02
1.772898249328136444e-02
1.772898249328136444e-02
1.772898249328136444e-02
1.772898249328136444e-02
1.772898249328136444e-02
1.772898249328136444e-02
1.772898249328136444e-02
1.772898249328136444e-02
1.772898249328136444e-02
1.772898249328136444e-02
1.772898249328136444e-02
1.772898249328136444e-02
1.772898249328136444e-02
1.772898249328136444e-02
1.772898249328136444e-02
1.772898249328136444e-02
1.772898249328136444e-02
1.772898249328136444e-02
1.772898249328136444e-02
1.772898249328136444e-02
1.772898249328136444e-02
1.772898249328136444e-02
1.772898249328136444e-02
1.772898249328136444e-02
1.772898249328136444e-02
1.772898249328136444e-02
1.772898249328136444e-02
1.772898249328136444e-02
1.772898249328136444e-02
1.772898249328136444e-02
1.772898249328136444e-02
1.772898249328136444e-02
1.772898249328136444e-02
1.772898249328136444e-02
1.772898249328136444e-02
1.772898249328136444e-02
1.772898249328136444e-02
1.772898249328136444e-02
1.772898249328136444e-02
1.772898249328136444e-02
1.772898249328136444e-02
1.772898249328136444e-02
1.772898249328136444e-02
1.772898249328136444e-02
1.772898249328136444e-02
1.772898249328136444e-02
1.772898249328136444e-02
1.772898249328136444e-02
1.772898249328136444e-02
1.772898249328136444e-02
1.772898249328136444e-02
1.772898249328136444e-02
1.772898249328136444e-02
1.772898249328136444e-02
1.772898249328136444e-02
1.772898249328136444e-02
1.772898249328136444e-02
1.772898249328136444e-02
1.772898249328136444e-02
1.772898249328136444e-02
1.772898249328136444e-02
1.772898249328136444e-02
1.772898249328136444e-02
1.772898249328136444e-02
1.772898249328136444e-02
1.772898249328136444e-02
1.772898249328136444e-02
1.772898249328136444e-02
1.772898249328136444e-02
1.772898249328136444e-02
1.772898249328136444e-02
1.772898249328136444e-02
1.772898249328136444e-02
1.772898249328136444e-02
1.772898249328136444e-02
1.772898249328136444e-02
1.772898249328136444e-02
1.772898249328136444e-02
1.772898249328136444e-02
1.772898249328136444e-02
1.772898249328136444e-02
1.772898249328136444e-02
1.772898249328136444e-02
1.772898249328136444e-02
1.772898249328136444e-02
1.772898249328136444e-02
1.772898249328136444e-02
1.772898249328136444e-02
1.772898249328136444e-02
1.772898249328136444e-02
1.772898249328136444e-02
1.772898249328136444e-02
1.772898249328136444e-02
1.772898249328136444e-02
1.772898249328136444e-02
1.772898249328136444e-02
1.772898249328136444e-02
1.772898249328136444e-02
1.772898249328136444e-02
1.772898249328136444e-02
1.772898249328136444e-02
1.772898249328136444e-02
1.772898249328136444e-02
1.772898249328136444e-02
1.772898249328136444e-02
1.772898249328136444e-02
1.772898249328136444e-02
1.772898249328136444e-02
1.772898249328136444e-02
1.772898249328136444e-02
1.772898249328136444e-02
1.772898249328136444e-02
1.772898249328136444e-02
1.772898249328136444e-02
1.772898249328136444e-02
1.445297617465257645e-02
1.445297617465257645e-02
1.406756322830915451e-02
1.387485582381486893e-02
1.368215028196573257e-02
1.136967446655035019e-02
-9.635317255742847919e-04
-1.946334168314933777e-02
-3.911938890814781189e-02
-6.301496922969818115e-02
-8.401995897293090820e-02
-9.461881965398788452e-02
-8.479078859090805054e-02
-6.050979346036911011e-02
-3.295278176665306091e-02
-3.276007948443293571e-03
3.892668336629867554e-02
8.267102390527725220e-02
1.427953988313674927e-01
2.025343626737594604e-01
2.786533832550048828e-01
3.445589542388916016e-01
4.253028929233551025e-01
4.948698878288269043e-01
5.632806420326232910e-01
6.380506753921508789e-01
7.058833241462707520e-01
7.756430506706237793e-01
8.481006026268005371e-01
9.167040586471557617e-01
9.885835647583007812e-01
1.065858840942382812e+00
1.159128546714782715e+00
1.242763161659240723e+00
1.330059170722961426e+00
1.415428042411804199e+00
1.513901114463806152e+00
1.595608592033386230e+00
1.675388932228088379e+00
1.752664089202880859e+00
1.816642642021179199e+00
1.877345204353332520e+00
1.929375886917114258e+00
1.976396322250366211e+00
2.006843805313110352e+00
2.023994684219360352e+00
2.032473802566528320e+00
2.039989471435546875e+00
2.052322387695312500e+00
2.056176662445068359e+00
2.045577764511108398e+00
2.017057180404663086e+00
1.974083781242370605e+00
1.925907254219055176e+00
1.864433884620666504e+00
1.797757387161254883e+00
1.719711422920227051e+00
1.633571624755859375e+00
1.548588156700134277e+00
1.450115323066711426e+00
1.358772516250610352e+00
1.273788928985595703e+00
1.194586634635925293e+00
1.103436470031738281e+00
1.019416570663452148e+00
9.300007820129394531e-01
8.427048325538635254e-01
7.677420377731323242e-01
6.993312835693359375e-01
6.459516882896423340e-01
5.935355424880981445e-01
5.445880889892578125e-01
5.010364651679992676e-01
4.817658662796020508e-01
4.773336052894592285e-01
4.804169237613677979e-01
4.757919609546661377e-01
4.619171023368835449e-01
4.472714066505432129e-01
4.320476055145263672e-01
4.118134379386901855e-01
3.910011649131774902e-01
3.619025051593780518e-01
3.202779293060302734e-01
2.649712264537811279e-01
1.880813986063003540e-01
1.138894483447074890e-01
5.125989019870758057e-02
-1.156238024123013020e-03
-5.183800682425498962e-02
-9.423340111970901489e-02
-1.372069120407104492e-01
-1.772898435592651367e-01
-2.073520272970199585e-01
-2.293205410242080688e-01
-2.416537553071975708e-01
-2.518671751022338867e-01
-2.568775415420532227e-01
-2.570702731609344482e-01
-2.524453103542327881e-01
-2.485911697149276733e-01
-2.476276606321334839e-01
-2.383777350187301636e-01
-2.150602787733078003e-01
-1.807585507631301880e-01
-1.364360898733139038e-01
-9.654587507247924805e-02
-5.318694934248924255e-02
-1.483838818967342377e-02
2.717159315943717957e-02
7.361382246017456055e-02
1.200560480356216431e-01
1.655347496271133423e-01
2.013781219720840454e-01
2.337527871131896973e-01
2.582265138626098633e-01
2.800023257732391357e-01
2.942625582218170166e-01
3.050541281700134277e-01
3.129551112651824951e-01
3.152675628662109375e-01
3.135332167148590088e-01
3.154602646827697754e-01
3.175800442695617676e-01
3.235539495944976807e-01
3.360798358917236328e-01
3.484130501747131348e-01
3.611316680908203125e-01
3.711524009704589844e-01
3.802095949649810791e-01
3.883032798767089844e-01
3.910011649131774902e-01
3.811731338500976562e-01
3.620952069759368896e-01
3.370433747768402100e-01
3.179654479026794434e-01
3.019708395004272461e-01
2.659347355365753174e-01
2.179508656263351440e-01
1.813366711139678955e-01
1.566702574491500854e-01
1.300767809152603149e-01
9.134280681610107422e-02
4.721305519342422485e-02
4.817658569663763046e-03
-3.218195959925651550e-02
-6.205144152045249939e-02
-9.924376755952835083e-02
-1.291132569313049316e-01
-1.518526077270507812e-01
-1.734357029199600220e-01
-1.878886818885803223e-01
-2.031124830245971680e-01
-2.142894566059112549e-01
-2.256591320037841797e-01
-2.308622002601623535e-01
-2.372215092182159424e-01
-2.335600852966308594e-01
-2.279715985059738159e-01
-2.167946249246597290e-01
-2.061957865953445435e-01
-1.834564507007598877e-01
-1.605243831872940063e-01
-1.466495394706726074e-01
-1.472276449203491211e-01
-1.543577760457992554e-01
-1.645712107419967651e-01
-1.742065250873565674e-01
-1.772898435592651367e-01
-1.645712107419967651e-01
-1.487692892551422119e-01
-1.335454881191253662e-01
-1.129259169101715088e-01
-9.885835647583007812e-02
-9.423340111970901489e-02
-8.768138289451599121e-02
-8.305643498897552490e-02
-8.806680142879486084e-02
-9.577505290508270264e-02
-9.866564720869064331e-02
-1.034833043813705444e-01
-1.034833043813705444e-01
-1.083009615540504456e-01
-1.117696762084960938e-01
-1.059884876012802124e-01
-9.538963437080383301e-02
-9.076468646526336670e-02
-8.768138289451599121e-02
-8.344184607267379761e-02
-8.382726460695266724e-02
-8.170748502016067505e-02
-7.900959998369216919e-02
-7.939501106739044189e-02
-7.804606854915618896e-02
-7.766065746545791626e-02
-7.766065746545791626e-02
-7.766065746545791626e-02
-7.766065746545791626e-02
-7.766065746545791626e-02
-7.746794819831848145e-02
-7.746794819831848145e-02
-7.746794819831848145e-02
-7.746794819831848145e-02
-7.746794819831848145e-02
-7.727524638175964355e-02
-7.727524638175964355e-02
-7.727524638175964355e-02
-7.727524638175964355e-02
-7.727524638175964355e-02
-7.727524638175964355e-02
-7.727524638175964355e-02
-7.727524638175964355e-02
-7.708253711462020874e-02
-7.708253711462020874e-02
-7.708253711462020874e-02
-7.708253711462020874e-02
-7.708253711462020874e-02
-7.708253711462020874e-02
-7.708253711462020874e-02
-7.708253711462020874e-02
-7.708253711462020874e-02
-7.708253711462020874e-02
-7.708253711462020874e-02
-7.708253711462020874e-02
-7.708253711462020874e-02
-7.708253711462020874e-02
-7.708253711462020874e-02
-7.708253711462020874e-02
-7.708253711462020874e-02
-7.708253711462020874e-02
-7.708253711462020874e-02
-7.708253711462020874e-02
-7.708253711462020874e-02
-7.688982784748077393e-02
-7.688982784748077393e-02
-7.688982784748077393e-02
-7.611899822950363159e-02
-7.515547424554824829e-02
-7.515547424554824829e-02
-7.515547424554824829e-02
-7.515547424554824829e-02
-7.515547424554824829e-02
-7.515547424554824829e-02
-7.515547424554824829e-02
-7.515547424554824829e-02
-7.515547424554824829e-02
-7.515547424554824829e-02
-7.515547424554824829e-02
-7.496276497840881348e-02
-7.496276497840881348e-02
-7.496276497840881348e-02
-7.496276497840881348e-02
-7.496276497840881348e-02
-7.496276497840881348e-02
-7.496276497840881348e-02
-7.496276497840881348e-02
-7.496276497840881348e-02
-7.496276497840881348e-02
-7.496276497840881348e-02
-7.496276497840881348e-02
-7.496276497840881348e-02
-7.496276497840881348e-02
-7.496276497840881348e-02
-7.496276497840881348e-02
-7.496276497840881348e-02
-7.496276497840881348e-02
-7.496276497840881348e-02
-7.496276497840881348e-02
-7.496276497840881348e-02
-7.496276497840881348e-02
-7.496276497840881348e-02
-7.496276497840881348e-02
-7.496276497840881348e-02
-7.496276497840881348e-02
-7.496276497840881348e-02
-7.496276497840881348e-02
-7.496276497840881348e-02
-7.496276497840881348e-02
-7.496276497840881348e-02
-7.496276497840881348e-02
-7.496276497840881348e-02
-7.496276497840881348e-02
-7.496276497840881348e-02
-7.496276497840881348e-02
-7.496276497840881348e-02
-7.496276497840881348e-02
-7.496276497840881348e-02
-7.496276497840881348e-02
-7.496276497840881348e-02
-7.496276497840881348e-02
-7.496276497840881348e-02
-7.496276497840881348e-02
-7.496276497840881348e-02
-7.496276497840881348e-02
-7.496276497840881348e-02
-7.496276497840881348e-02
-7.496276497840881348e-02
-7.496276497840881348e-02
-7.496276497840881348e-02
-7.496276497840881348e-02
-7.496276497840881348e-02
-7.496276497840881348e-02
-7.496276497840881348e-02
-7.496276497840881348e-02
-7.496276497840881348e-02
-7.496276497840881348e-02
-7.496276497840881348e-02
-7.496276497840881348e-02
-7.496276497840881348e-02
-7.496276497840881348e-02
-7.496276497840881348e-02
-7.496276497840881348e-02
-7.496276497840881348e-02
-7.496276497840881348e-02
-7.496276497840881348e-02
-7.496276497840881348e-02
-7.496276497840881348e-02
-7.496276497840881348e-02
-7.496276497840881348e-02
-7.496276497840881348e-02
-7.496276497840881348e-02
-7.496276497840881348e-02
-7.496276497840881348e-02
-7.496276497840881348e-02
-7.496276497840881348e-02
-7.496276497840881348e-02
-7.496276497840881348e-02
-7.496276497840881348e-02
-7.496276497840881348e-02
-7.496276497840881348e-02
-7.496276497840881348e-02
-7.496276497840881348e-02
-7.496276497840881348e-02
-7.496276497840881348e-02
-7.496276497840881348e-02
-7.496276497840881348e-02
-7.496276497840881348e-02
-7.477006316184997559e-02
0.000000000000000000e+00
0.000000000000000000e+00
0.000000000000000000e+00
0.000000000000000000e+00
0.000000000000000000e+00
0.000000000000000000e+00
0.000000000000000000e+00
0.000000000000000000e+00
0.000000000000000000e+00
0.000000000000000000e+00
0.000000000000000000e+00
0.000000000000000000e+00
0.000000000000000000e+00
0.000000000000000000e+00
0.000000000000000000e+00
0.000000000000000000e+00
0.000000000000000000e+00
0.000000000000000000e+00
0.000000000000000000e+00
0.000000000000000000e+00
0.000000000000000000e+00
0.000000000000000000e+00
0.000000000000000000e+00
0.000000000000000000e+00
0.000000000000000000e+00
0.000000000000000000e+00
0.000000000000000000e+00
0.000000000000000000e+00
0.000000000000000000e+00
0.000000000000000000e+00
0.000000000000000000e+00
0.000000000000000000e+00
0.000000000000000000e+00
0.000000000000000000e+00
0.000000000000000000e+00
0.000000000000000000e+00
0.000000000000000000e+00
0.000000000000000000e+00
0.000000000000000000e+00
0.000000000000000000e+00
0.000000000000000000e+00
0.000000000000000000e+00
0.000000000000000000e+00
0.000000000000000000e+00
0.000000000000000000e+00
0.000000000000000000e+00
0.000000000000000000e+00
0.000000000000000000e+00
0.000000000000000000e+00
0.000000000000000000e+00
0.000000000000000000e+00
0.000000000000000000e+00
0.000000000000000000e+00
0.000000000000000000e+00
0.000000000000000000e+00
0.000000000000000000e+00
0.000000000000000000e+00
0.000000000000000000e+00
0.000000000000000000e+00
0.000000000000000000e+00
0.000000000000000000e+00
0.000000000000000000e+00
0.000000000000000000e+00
0.000000000000000000e+00
0.000000000000000000e+00
0.000000000000000000e+00
0.000000000000000000e+00
0.000000000000000000e+00
0.000000000000000000e+00
0.000000000000000000e+00
0.000000000000000000e+00
0.000000000000000000e+00
0.000000000000000000e+00
0.000000000000000000e+00
0.000000000000000000e+00
0.000000000000000000e+00
0.000000000000000000e+00
0.000000000000000000e+00
0.000000000000000000e+00
0.000000000000000000e+00
0.000000000000000000e+00
0.000000000000000000e+00
0.000000000000000000e+00
0.000000000000000000e+00
0.000000000000000000e+00
0.000000000000000000e+00
0.000000000000000000e+00
0.000000000000000000e+00
0.000000000000000000e+00
0.000000000000000000e+00
0.000000000000000000e+00
0.000000000000000000e+00
0.000000000000000000e+00
0.000000000000000000e+00
0.000000000000000000e+00
0.000000000000000000e+00
0.000000000000000000e+00
0.000000000000000000e+00
0.000000000000000000e+00
0.000000000000000000e+00
0.000000000000000000e+00
0.000000000000000000e+00
0.000000000000000000e+00
0.000000000000000000e+00
0.000000000000000000e+00
0.000000000000000000e+00
0.000000000000000000e+00
0.000000000000000000e+00
0.000000000000000000e+00
0.000000000000000000e+00
0.000000000000000000e+00
0.000000000000000000e+00
0.000000000000000000e+00
0.000000000000000000e+00
0.000000000000000000e+00
0.000000000000000000e+00
0.000000000000000000e+00
0.000000000000000000e+00
0.000000000000000000e+00
0.000000000000000000e+00
0.000000000000000000e+00
0.000000000000000000e+00
0.000000000000000000e+00
0.000000000000000000e+00
0.000000000000000000e+00
0.000000000000000000e+00
0.000000000000000000e+00
0.000000000000000000e+00
0.000000000000000000e+00
0.000000000000000000e+00
0.000000000000000000e+00
0.000000000000000000e+00
0.000000000000000000e+00
0.000000000000000000e+00
0.000000000000000000e+00
0.000000000000000000e+00
0.000000000000000000e+00
0.000000000000000000e+00
0.000000000000000000e+00
0.000000000000000000e+00
0.000000000000000000e+00
0.000000000000000000e+00
0.000000000000000000e+00
0.000000000000000000e+00
0.000000000000000000e+00
0.000000000000000000e+00
0.000000000000000000e+00
0.000000000000000000e+00
0.000000000000000000e+00
0.000000000000000000e+00
0.000000000000000000e+00
0.000000000000000000e+00
0.000000000000000000e+00
0.000000000000000000e+00
0.000000000000000000e+00
0.000000000000000000e+00
0.000000000000000000e+00
0.000000000000000000e+00
0.000000000000000000e+00
0.000000000000000000e+00
0.000000000000000000e+00
0.000000000000000000e+00
0.000000000000000000e+00
0.000000000000000000e+00
0.000000000000000000e+00
0.000000000000000000e+00
0.000000000000000000e+00
0.000000000000000000e+00
0.000000000000000000e+00
0.000000000000000000e+00
0.000000000000000000e+00
0.000000000000000000e+00
0.000000000000000000e+00
0.000000000000000000e+00
0.000000000000000000e+00
0.000000000000000000e+00
0.000000000000000000e+00
0.000000000000000000e+00
0.000000000000000000e+00
0.000000000000000000e+00
0.000000000000000000e+00
0.000000000000000000e+00
0.000000000000000000e+00
0.000000000000000000e+00
0.000000000000000000e+00
0.000000000000000000e+00
0.000000000000000000e+00
0.000000000000000000e+00
0.000000000000000000e+00
0.000000000000000000e+00
0.000000000000000000e+00
0.000000000000000000e+00
0.000000000000000000e+00
0.000000000000000000e+00
0.000000000000000000e+00
0.000000000000000000e+00
0.000000000000000000e+00
0.000000000000000000e+00
0.000000000000000000e+00
0.000000000000000000e+00
0.000000000000000000e+00
0.000000000000000000e+00
0.000000000000000000e+00
0.000000000000000000e+00
0.000000000000000000e+00
0.000000000000000000e+00
0.000000000000000000e+00
0.000000000000000000e+00
0.000000000000000000e+00
0.000000000000000000e+00
0.000000000000000000e+00
0.000000000000000000e+00
0.000000000000000000e+00
0.000000000000000000e+00
0.000000000000000000e+00
0.000000000000000000e+00
0.000000000000000000e+00
0.000000000000000000e+00
0.000000000000000000e+00
0.000000000000000000e+00
0.000000000000000000e+00
0.000000000000000000e+00
0.000000000000000000e+00
0.000000000000000000e+00
0.000000000000000000e+00
0.000000000000000000e+00
0.000000000000000000e+00
0.000000000000000000e+00
0.000000000000000000e+00
0.000000000000000000e+00
0.000000000000000000e+00
0.000000000000000000e+00
0.000000000000000000e+00
0.000000000000000000e+00
0.000000000000000000e+00
0.000000000000000000e+00
0.000000000000000000e+00
0.000000000000000000e+00
0.000000000000000000e+00
0.000000000000000000e+00
0.000000000000000000e+00
0.000000000000000000e+00
0.000000000000000000e+00
0.000000000000000000e+00
0.000000000000000000e+00
0.000000000000000000e+00
0.000000000000000000e+00
0.000000000000000000e+00
0.000000000000000000e+00
0.000000000000000000e+00
0.000000000000000000e+00
0.000000000000000000e+00
0.000000000000000000e+00
0.000000000000000000e+00
0.000000000000000000e+00
0.000000000000000000e+00
0.000000000000000000e+00
0.000000000000000000e+00
0.000000000000000000e+00
0.000000000000000000e+00
0.000000000000000000e+00
0.000000000000000000e+00
0.000000000000000000e+00
0.000000000000000000e+00
0.000000000000000000e+00
0.000000000000000000e+00
0.000000000000000000e+00
0.000000000000000000e+00
0.000000000000000000e+00
0.000000000000000000e+00
0.000000000000000000e+00
0.000000000000000000e+00
0.000000000000000000e+00
0.000000000000000000e+00
0.000000000000000000e+00
0.000000000000000000e+00
0.000000000000000000e+00
0.000000000000000000e+00
0.000000000000000000e+00
0.000000000000000000e+00
0.000000000000000000e+00
0.000000000000000000e+00
0.000000000000000000e+00
0.000000000000000000e+00
0.000000000000000000e+00
0.000000000000000000e+00
0.000000000000000000e+00
0.000000000000000000e+00
0.000000000000000000e+00
0.000000000000000000e+00
0.000000000000000000e+00
0.000000000000000000e+00
0.000000000000000000e+00
0.000000000000000000e+00
0.000000000000000000e+00
0.000000000000000000e+00
0.000000000000000000e+00
0.000000000000000000e+00
0.000000000000000000e+00
0.000000000000000000e+00
0.000000000000000000e+00
0.000000000000000000e+00
0.000000000000000000e+00
0.000000000000000000e+00
0.000000000000000000e+00
0.000000000000000000e+00
0.000000000000000000e+00
0.000000000000000000e+00
0.000000000000000000e+00
0.000000000000000000e+00
0.000000000000000000e+00
0.000000000000000000e+00
0.000000000000000000e+00
0.000000000000000000e+00
0.000000000000000000e+00
0.000000000000000000e+00
0.000000000000000000e+00
0.000000000000000000e+00
0.000000000000000000e+00
0.000000000000000000e+00
0.000000000000000000e+00
0.000000000000000000e+00
0.000000000000000000e+00
0.000000000000000000e+00
0.000000000000000000e+00
0.000000000000000000e+00
0.000000000000000000e+00
0.000000000000000000e+00
0.000000000000000000e+00
0.000000000000000000e+00
0.000000000000000000e+00
0.000000000000000000e+00
0.000000000000000000e+00
0.000000000000000000e+00
-1.927063422044739127e-04
-1.927063422044739127e-04
-1.927063422044739127e-04
-1.927063422044739127e-04
-1.927063422044739127e-04
-1.927063422044739127e-04
-1.927063422044739127e-04
-1.927063422044739127e-04
-1.927063422044739127e-04
-1.927063422044739127e-04
-1.927063422044739127e-04
-1.927063422044739127e-04
-1.927063422044739127e-04
-1.927063422044739127e-04
-1.927063422044739127e-04
-1.927063422044739127e-04
-1.927063422044739127e-04
-1.927063422044739127e-04
-1.927063422044739127e-04
-1.927063422044739127e-04
-1.927063422044739127e-04
-1.927063422044739127e-04
-1.927063422044739127e-04
-1.927063422044739127e-04
-1.927063422044739127e-04
-1.927063422044739127e-04
-1.927063422044739127e-04
-1.927063422044739127e-04
-1.927063422044739127e-04
-1.927063422044739127e-04
-1.927063422044739127e-04
-1.927063422044739127e-04
-1.927063422044739127e-04
-1.927063422044739127e-04
-1.927063422044739127e-04
-1.927063422044739127e-04
-1.927063422044739127e-04
-1.927063422044739127e-04
-1.927063422044739127e-04
-1.927063422044739127e-04
-1.927063422044739127e-04
-1.927063422044739127e-04
-1.927063422044739127e-04
-1.927063422044739127e-04
-1.927063422044739127e-04
-1.927063422044739127e-04
-1.927063422044739127e-04
-1.927063422044739127e-04
-1.927063422044739127e-04
-1.927063422044739127e-04
-1.927063422044739127e-04
-1.927063422044739127e-04
-1.927063422044739127e-04
-1.927063422044739127e-04
-1.927063422044739127e-04
-1.927063422044739127e-04
-1.927063422044739127e-04
-1.927063422044739127e-04
-1.927063422044739127e-04
-1.927063422044739127e-04
-1.927063422044739127e-04
-1.927063422044739127e-04
-1.927063422044739127e-04
-1.927063422044739127e-04
-1.927063422044739127e-04
-1.927063422044739127e-04
-1.927063422044739127e-04
-1.927063422044739127e-04
-1.927063422044739127e-04
-1.927063422044739127e-04
-1.927063422044739127e-04
-1.927063422044739127e-04
-1.927063422044739127e-04
-1.927063422044739127e-04
-1.927063422044739127e-04
-1.927063422044739127e-04
-1.927063422044739127e-04
-1.927063422044739127e-04
-1.927063422044739127e-04
-1.927063422044739127e-04
-1.927063422044739127e-04
-1.927063422044739127e-04
-1.927063422044739127e-04
-1.927063422044739127e-04
-1.927063422044739127e-04
-1.927063422044739127e-04
-1.927063422044739127e-04
-1.927063422044739127e-04
-1.927063422044739127e-04
-1.927063422044739127e-04
-1.927063422044739127e-04
-1.927063422044739127e-04
-1.927063422044739127e-04
-1.927063422044739127e-04
-1.927063422044739127e-04
-1.927063422044739127e-04
-1.927063422044739127e-04
-1.927063422044739127e-04
-1.927063422044739127e-04
-1.927063422044739127e-04
-1.927063422044739127e-04
-1.927063422044739127e-04
-1.927063422044739127e-04
-1.927063422044739127e-04
-1.927063422044739127e-04
-1.927063422044739127e-04
-1.927063422044739127e-04
-1.927063422044739127e-04
-1.927063422044739127e-04
-1.927063422044739127e-04
-1.927063422044739127e-04
-1.927063422044739127e-04
-1.927063422044739127e-04
-1.927063422044739127e-04
-1.927063422044739127e-04
-1.927063422044739127e-04
-1.927063422044739127e-04
-1.927063422044739127e-04
-1.927063422044739127e-04
-1.927063422044739127e-04
-1.927063422044739127e-04
-1.927063422044739127e-04
-1.927063422044739127e-04
-1.927063422044739127e-04
-1.927063422044739127e-04
-1.927063422044739127e-04
-1.927063422044739127e-04
-1.927063422044739127e-04
-1.927063422044739127e-04
-1.927063422044739127e-04
-1.927063422044739127e-04
-1.927063422044739127e-04
-1.927063422044739127e-04
-1.927063422044739127e-04
-1.927063422044739127e-04
-1.927063422044739127e-04
-1.927063422044739127e-04
-1.927063422044739127e-04
-1.927063422044739127e-04
-1.927063422044739127e-04
-1.927063422044739127e-04
-1.927063422044739127e-04
-1.927063422044739127e-04
-1.927063422044739127e-04
-1.927063422044739127e-04
-1.927063422044739127e-04
-1.927063422044739127e-04
-1.927063422044739127e-04
-1.927063422044739127e-04
-1.927063422044739127e-04
-1.927063422044739127e-04
-1.927063422044739127e-04
-1.927063422044739127e-04
-1.927063422044739127e-04
-1.927063422044739127e-04
-1.927063422044739127e-04
-1.927063422044739127e-04
-1.927063422044739127e-04
-1.927063422044739127e-04
-1.927063422044739127e-04
-1.927063422044739127e-04
-1.927063422044739127e-04
-1.927063422044739127e-04
-1.927063422044739127e-04
-1.927063422044739127e-04
-1.927063422044739127e-04
-1.927063422044739127e-04
-1.927063422044739127e-04
-1.927063422044739127e-04
-1.927063422044739127e-04
-1.927063422044739127e-04
-1.927063422044739127e-04
-1.927063422044739127e-04
-1.927063422044739127e-04
-1.927063422044739127e-04
-1.927063422044739127e-04
-1.927063422044739127e-04
-1.927063422044739127e-04
-1.927063422044739127e-04
-1.927063422044739127e-04
-1.927063422044739127e-04
-1.927063422044739127e-04
-1.927063422044739127e-04
-1.927063422044739127e-04
-1.927063422044739127e-04
-1.927063422044739127e-04
-1.927063422044739127e-04
-1.927063422044739127e-04
-1.927063422044739127e-04
-1.927063422044739127e-04
-1.927063422044739127e-04
-1.927063422044739127e-04
-1.927063422044739127e-04
-1.927063422044739127e-04
-1.927063422044739127e-04
-1.927063422044739127e-04
-1.927063422044739127e-04
-1.927063422044739127e-04
-1.927063422044739127e-04
-1.927063422044739127e-04
-1.927063422044739127e-04
-1.927063422044739127e-04
-1.927063422044739127e-04
-1.927063422044739127e-04
-1.927063422044739127e-04
-1.927063422044739127e-04
-1.927063422044739127e-04
-1.927063422044739127e-04
-1.927063422044739127e-04
-1.927063422044739127e-04
-1.927063422044739127e-04
-1.927063422044739127e-04
-1.927063422044739127e-04
-1.927063422044739127e-04
-1.927063422044739127e-04
-1.927063422044739127e-04
-1.927063422044739127e-04
-1.927063422044739127e-04
-1.927063422044739127e-04
-1.927063422044739127e-04
-1.927063422044739127e-04
-1.927063422044739127e-04
-1.927063422044739127e-04
-1.927063422044739127e-04
-1.927063422044739127e-04
-1.927063422044739127e-04
-1.927063422044739127e-04
-1.927063422044739127e-04
-1.927063422044739127e-04
-1.927063422044739127e-04
-1.927063422044739127e-04
-1.927063422044739127e-04
-1.927063422044739127e-04
-1.927063422044739127e-04
-1.927063422044739127e-04
-1.927063422044739127e-04
-1.927063422044739127e-04
-1.927063422044739127e-04
-1.927063422044739127e-04
-1.927063422044739127e-04
-1.927063422044739127e-04
-1.927063422044739127e-04
-1.927063422044739127e-04
-1.927063422044739127e-04
-1.927063422044739127e-04
-1.927063422044739127e-04
-1.927063422044739127e-04
-1.927063422044739127e-04
-1.927063422044739127e-04
-1.927063422044739127e-04
-1.927063422044739127e-04
-1.927063422044739127e-04
-1.927063422044739127e-04
-1.927063422044739127e-04
-1.927063422044739127e-04
-1.927063422044739127e-04
-1.927063422044739127e-04
-1.927063422044739127e-04
-1.927063422044739127e-04
-1.927063422044739127e-04
-1.927063422044739127e-04
-1.927063422044739127e-04
-1.927063422044739127e-04
-1.927063422044739127e-04
-1.927063422044739127e-04
-1.927063422044739127e-04
-1.927063422044739127e-04
-1.927063422044739127e-04
-1.927063422044739127e-04
-1.927063422044739127e-04
-1.927063422044739127e-04
-1.927063422044739127e-04
-1.927063422044739127e-04
-1.927063422044739127e-04
-1.927063422044739127e-04
-1.927063422044739127e-04
-1.927063422044739127e-04
-1.927063422044739127e-04
-1.927063422044739127e-04
-1.927063422044739127e-04
-1.927063422044739127e-04
-1.927063422044739127e-04
-1.927063422044739127e-04
-1.927063422044739127e-04
-1.927063422044739127e-04
-1.927063422044739127e-04
-1.927063422044739127e-04
-1.927063422044739127e-04
-1.927063422044739127e-04
-1.927063422044739127e-04
-1.927063422044739127e-04
-1.927063422044739127e-04
-1.927063422044739127e-04
-1.927063422044739127e-04
-1.927063422044739127e-04
-1.927063422044739127e-04
-1.927063422044739127e-04
-1.927063422044739127e-04
-1.927063422044739127e-04
-1.927063422044739127e-04
-1.927063422044739127e-04
-1.927063422044739127e-04
-1.927063422044739127e-04
-1.927063422044739127e-04
-1.927063422044739127e-04
-1.927063422044739127e-04
-1.927063422044739127e-04
-1.927063422044739127e-04
-1.927063422044739127e-04
-1.927063422044739127e-04
-1.927063422044739127e-04
-1.927063422044739127e-04
-1.927063422044739127e-04
-1.927063422044739127e-04
-1.927063422044739127e-04
-1.927063422044739127e-04
-1.927063422044739127e-04
-1.927063422044739127e-04
-1.927063422044739127e-04
-1.927063422044739127e-04
-1.927063422044739127e-04
-1.927063422044739127e-04
-1.927063422044739127e-04
-1.927063422044739127e-04
-1.927063422044739127e-04
-1.927063422044739127e-04
-1.927063422044739127e-04
-1.927063422044739127e-04
-1.927063422044739127e-04
-1.927063422044739127e-04
-1.927063422044739127e-04
-1.927063422044739127e-04
-1.927063422044739127e-04
-1.927063422044739127e-04
-1.927063422044739127e-04
-1.927063422044739127e-04
-1.927063422044739127e-04
-1.927063422044739127e-04
-1.927063422044739127e-04
-1.927063422044739127e-04
-1.927063422044739127e-04
-1.927063422044739127e-04
-1.927063422044739127e-04
-1.927063422044739127e-04
-1.927063422044739127e-04
-1.927063422044739127e-04
-1.927063422044739127e-04
-1.927063422044739127e-04
-1.927063422044739127e-04
-1.927063422044739127e-04
-1.927063422044739127e-04
-1.927063422044739127e-04
-1.927063422044739127e-04
-1.927063422044739127e-04
-1.927063422044739127e-04
-1.927063422044739127e-04
-1.927063422044739127e-04
-1.927063422044739127e-04
-1.927063422044739127e-04
-1.927063422044739127e-04
-1.927063422044739127e-04
-1.927063422044739127e-04
-1.927063422044739127e-04
-1.927063422044739127e-04
-1.927063422044739127e-04
-1.927063422044739127e-04
-1.927063422044739127e-04
-1.927063422044739127e-04
-1.927063422044739127e-04
-1.927063422044739127e-04
-1.927063422044739127e-04
-1.927063422044739127e-04
-1.927063422044739127e-04
-1.927063422044739127e-04
-1.927063422044739127e-04
-1.927063422044739127e-04
-1.927063422044739127e-04
-1.927063422044739127e-04
-1.927063422044739127e-04
-1.927063422044739127e-04
-1.927063422044739127e-04
-1.927063422044739127e-04
-1.927063422044739127e-04
-1.927063422044739127e-04
-1.927063422044739127e-04
-1.927063422044739127e-04
-1.927063422044739127e-04
-1.927063422044739127e-04
-1.927063422044739127e-04
-1.927063422044739127e-04
-1.927063422044739127e-04
-1.927063422044739127e-04
-1.927063422044739127e-04
-1.927063422044739127e-04
-1.927063422044739127e-04
-1.927063422044739127e-04
-1.927063422044739127e-04
-1.927063422044739127e-04
-1.927063422044739127e-04
-1.927063422044739127e-04
-1.927063422044739127e-04
-1.927063422044739127e-04
-1.927063422044739127e-04
-1.927063422044739127e-04
-1.927063422044739127e-04
-1.927063422044739127e-04
-1.927063422044739127e-04
-1.927063422044739127e-04
-1.927063422044739127e-04
-1.927063422044739127e-04
-1.927063422044739127e-04
-1.927063422044739127e-04
-1.927063422044739127e-04
-1.927063422044739127e-04
-1.927063422044739127e-04
-1.927063422044739127e-04
-1.927063422044739127e-04
-1.927063422044739127e-04
-1.927063422044739127e-04
-1.927063422044739127e-04
-1.927063422044739127e-04
-1.927063422044739127e-04
-1.927063422044739127e-04
-1.927063422044739127e-04
-1.927063422044739127e-04
-1.927063422044739127e-04
-1.927063422044739127e-04
-1.927063422044739127e-04
-1.927063422044739127e-04
-1.927063422044739127e-04
-1.927063422044739127e-04
-1.927063422044739127e-04
-1.927063422044739127e-04
-1.927063422044739127e-04
-1.927063422044739127e-04
-1.927063422044739127e-04
-1.927063422044739127e-04
-1.927063422044739127e-04
-1.927063422044739127e-04
-1.927063422044739127e-04
-1.927063422044739127e-04
-1.927063422044739127e-04
-1.927063422044739127e-04
-1.927063422044739127e-04
-1.927063422044739127e-04
-1.927063422044739127e-04
-1.927063422044739127e-04
-1.927063422044739127e-04
-1.927063422044739127e-04
-1.927063422044739127e-04
-1.927063422044739127e-04
-1.927063422044739127e-04
-1.927063422044739127e-04
-1.927063422044739127e-04
-1.927063422044739127e-04
-1.927063422044739127e-04
-1.927063422044739127e-04
-1.927063422044739127e-04
-1.927063422044739127e-04
-1.927063422044739127e-04
-1.927063422044739127e-04
-1.927063422044739127e-04
-1.927063422044739127e-04
-1.927063422044739127e-04
-1.927063422044739127e-04
-1.927063422044739127e-04
-1.927063422044739127e-04
-1.927063422044739127e-04
-1.927063422044739127e-04
-1.927063422044739127e-04
-1.927063422044739127e-04
-1.927063422044739127e-04
-1.927063422044739127e-04
-1.927063422044739127e-04
-1.927063422044739127e-04
-1.927063422044739127e-04
-1.927063422044739127e-04
-1.927063422044739127e-04
-1.927063422044739127e-04
-1.927063422044739127e-04
-1.927063422044739127e-04
-1.927063422044739127e-04
-1.927063422044739127e-04
-1.927063422044739127e-04
-1.927063422044739127e-04
-1.927063422044739127e-04
-1.927063422044739127e-04
-1.927063422044739127e-04
-1.927063422044739127e-04
-1.927063422044739127e-04
-1.927063422044739127e-04
-1.927063422044739127e-04
-1.927063422044739127e-04
-1.927063422044739127e-04
-1.927063422044739127e-04
-1.927063422044739127e-04
-1.927063422044739127e-04
-1.927063422044739127e-04
-1.927063422044739127e-04
-1.927063422044739127e-04
-1.927063422044739127e-04
-1.927063422044739127e-04
-1.927063422044739127e-04
-1.927063422044739127e-04
-1.927063422044739127e-04
-1.927063422044739127e-04
-1.927063422044739127e-04
-1.927063422044739127e-04
-1.927063422044739127e-04
-1.927063422044739127e-04
-1.927063422044739127e-04
-1.927063422044739127e-04
-1.927063422044739127e-04
-1.927063422044739127e-04
-1.927063422044739127e-04
-1.927063422044739127e-04
-1.927063422044739127e-04
-1.927063422044739127e-04
-1.927063422044739127e-04
-1.927063422044739127e-04
-1.927063422044739127e-04
-1.927063422044739127e-04
-1.927063422044739127e-04
-1.927063422044739127e-04
-1.927063422044739127e-04
-1.927063422044739127e-04
-1.927063422044739127e-04
-1.927063422044739127e-04
-1.927063422044739127e-04
-1.927063422044739127e-04
-1.927063422044739127e-04
-1.927063422044739127e-04
-1.927063422044739127e-04
-1.927063422044739127e-04
-1.927063422044739127e-04
-1.927063422044739127e-04
-1.927063422044739127e-04
-1.927063422044739127e-04
-1.927063422044739127e-04
-1.927063422044739127e-04
-1.927063422044739127e-04
-1.927063422044739127e-04
-1.927063422044739127e-04
-1.927063422044739127e-04
-1.927063422044739127e-04
-1.927063422044739127e-04
-1.927063422044739127e-04
-1.927063422044739127e-04
-1.927063422044739127e-04
-1.927063422044739127e-04
-1.927063422044739127e-04
-1.927063422044739127e-04
-1.927063422044739127e-04
-1.927063422044739127e-04
-1.927063422044739127e-04
-1.927063422044739127e-04
-1.927063422044739127e-04
-1.927063422044739127e-04
-1.927063422044739127e-04
-1.927063422044739127e-04
-1.927063422044739127e-04
-1.927063422044739127e-04
-1.927063422044739127e-04
-1.927063422044739127e-04
-1.927063422044739127e-04
-1.927063422044739127e-04
-1.927063422044739127e-04
-1.927063422044739127e-04
-1.927063422044739127e-04
-1.927063422044739127e-04
-1.927063422044739127e-04
-1.927063422044739127e-04
-1.927063422044739127e-04
-1.927063422044739127e-04
-1.927063422044739127e-04
-1.927063422044739127e-04
-1.927063422044739127e-04
-1.927063422044739127e-04
-1.927063422044739127e-04
-1.927063422044739127e-04
-1.927063422044739127e-04
-1.927063422044739127e-04
-1.927063422044739127e-04
-1.927063422044739127e-04
-1.927063422044739127e-04
-1.927063422044739127e-04
-1.927063422044739127e-04
-1.927063422044739127e-04
-1.927063422044739127e-04
-1.927063422044739127e-04
-1.927063422044739127e-04
-1.927063422044739127e-04
-1.927063422044739127e-04
-1.927063422044739127e-04
-1.927063422044739127e-04
-1.927063422044739127e-04
-1.927063422044739127e-04
-1.927063422044739127e-04
-1.927063422044739127e-04
-1.927063422044739127e-04
-1.927063422044739127e-04
-1.927063422044739127e-04
-1.927063422044739127e-04
-1.927063422044739127e-04
-1.927063422044739127e-04
-1.927063422044739127e-04
-1.927063422044739127e-04
-1.927063422044739127e-04
-1.927063422044739127e-04
-1.927063422044739127e-04
-1.927063422044739127e-04
-1.927063422044739127e-04
-1.927063422044739127e-04
-1.927063422044739127e-04
-1.927063422044739127e-04
-1.927063422044739127e-04
-1.927063422044739127e-04
-1.927063422044739127e-04
-1.927063422044739127e-04
-1.927063422044739127e-04
-1.927063422044739127e-04
-1.927063422044739127e-04
-1.927063422044739127e-04
-1.927063422044739127e-04
-1.927063422044739127e-04
-1.927063422044739127e-04
-1.927063422044739127e-04
-1.927063422044739127e-04
-1.927063422044739127e-04
-1.927063422044739127e-04
-1.927063422044739127e-04
-1.927063422044739127e-04
-1.927063422044739127e-04
-1.927063422044739127e-04
-1.927063422044739127e-04
-1.927063422044739127e-04
-1.927063422044739127e-04
-1.927063422044739127e-04
-1.927063422044739127e-04
-1.927063422044739127e-04
-1.927063422044739127e-04
-1.927063422044739127e-04
-1.927063422044739127e-04
-1.927063422044739127e-04
-1.927063422044739127e-04
-1.927063422044739127e-04
-1.927063422044739127e-04
-1.927063422044739127e-04
-1.927063422044739127e-04
-1.927063422044739127e-04
-1.927063422044739127e-04
-1.927063422044739127e-04
-1.927063422044739127e-04
-1.927063422044739127e-04
-1.927063422044739127e-04
-1.927063422044739127e-04
-1.927063422044739127e-04
-1.927063422044739127e-04
-1.927063422044739127e-04
-1.927063422044739127e-04
-1.927063422044739127e-04
-1.927063422044739127e-04
-1.927063422044739127e-04
-1.927063422044739127e-04
-1.927063422044739127e-04
-1.927063422044739127e-04
-1.927063422044739127e-04
-1.927063422044739127e-04
-1.927063422044739127e-04
-1.927063422044739127e-04
-1.927063422044739127e-04
-1.927063422044739127e-04
-1.927063422044739127e-04
-1.927063422044739127e-04
-1.927063422044739127e-04
-1.927063422044739127e-04
-1.927063422044739127e-04
-1.927063422044739127e-04
-1.927063422044739127e-04
-1.927063422044739127e-04
-1.927063422044739127e-04
-1.927063422044739127e-04
-1.927063422044739127e-04
-1.927063422044739127e-04
-1.927063422044739127e-04
-1.927063422044739127e-04
-1.927063422044739127e-04
-1.927063422044739127e-04
-1.927063422044739127e-04
-1.927063422044739127e-04
-1.927063422044739127e-04
-1.927063422044739127e-04
-1.927063422044739127e-04
-1.927063422044739127e-04
-1.927063422044739127e-04
-1.927063422044739127e-04
-1.927063422044739127e-04
-1.927063422044739127e-04
-1.927063422044739127e-04
-1.927063422044739127e-04
-1.927063422044739127e-04
-1.927063422044739127e-04
-1.927063422044739127e-04
-1.927063422044739127e-04
-1.927063422044739127e-04
-1.927063422044739127e-04
-1.927063422044739127e-04
-1.927063422044739127e-04
-1.927063422044739127e-04
-1.927063422044739127e-04
-1.927063422044739127e-04
-1.927063422044739127e-04
-1.927063422044739127e-04
-1.927063422044739127e-04
-1.927063422044739127e-04
-1.927063422044739127e-04
-1.927063422044739127e-04
-1.927063422044739127e-04
-1.927063422044739127e-04
-1.927063422044739127e-04
-1.927063422044739127e-04
-1.927063422044739127e-04
-1.927063422044739127e-04
-1.927063422044739127e-04
-1.927063422044739127e-04
-1.927063422044739127e-04
-1.927063422044739127e-04
-1.927063422044739127e-04
-1.927063422044739127e-04
-1.927063422044739127e-04
-1.927063422044739127e-04
-1.927063422044739127e-04
-1.927063422044739127e-04
-1.927063422044739127e-04
-1.927063422044739127e-04
-1.927063422044739127e-04
-1.927063422044739127e-04
-1.927063422044739127e-04
-1.927063422044739127e-04
-1.927063422044739127e-04
-1.927063422044739127e-04
-1.927063422044739127e-04
-1.927063422044739127e-04
-1.927063422044739127e-04
-1.927063422044739127e-04
-1.927063422044739127e-04
-1.927063422044739127e-04
-1.927063422044739127e-04
-1.927063422044739127e-04
-1.927063422044739127e-04
-1.927063422044739127e-04
-1.927063422044739127e-04
-1.927063422044739127e-04
-1.927063422044739127e-04
-1.927063422044739127e-04
-1.927063422044739127e-04
-1.927063422044739127e-04
-1.927063422044739127e-04
-1.927063422044739127e-04
-1.927063422044739127e-04
-1.927063422044739127e-04
-1.927063422044739127e-04
-1.927063422044739127e-04
-1.927063422044739127e-04
-1.927063422044739127e-04
-1.927063422044739127e-04
-1.927063422044739127e-04
-1.927063422044739127e-04
-1.927063422044739127e-04
-1.927063422044739127e-04
-1.927063422044739127e-04
-1.927063422044739127e-04
-1.927063422044739127e-04
-1.927063422044739127e-04
-1.927063422044739127e-04
-1.927063422044739127e-04
-1.927063422044739127e-04
-1.927063422044739127e-04
-1.927063422044739127e-04
-1.927063422044739127e-04
-1.927063422044739127e-04
-1.927063422044739127e-04
-1.927063422044739127e-04
-1.927063422044739127e-04
-1.927063422044739127e-04
-1.927063422044739127e-04
-1.927063422044739127e-04
-1.927063422044739127e-04
-1.927063422044739127e-04
-1.927063422044739127e-04
-1.927063422044739127e-04
-1.927063422044739127e-04
-1.927063422044739127e-04
-1.927063422044739127e-04
-1.927063422044739127e-04
-1.927063422044739127e-04
-1.927063422044739127e-04
-1.927063422044739127e-04
-1.927063422044739127e-04
-1.927063422044739127e-04
-1.927063422044739127e-04
-1.927063422044739127e-04
-1.927063422044739127e-04
-1.927063422044739127e-04
-1.927063422044739127e-04
-1.927063422044739127e-04
-1.927063422044739127e-04
-1.927063422044739127e-04
-1.927063422044739127e-04
-1.927063422044739127e-04
-1.927063422044739127e-04
-1.927063422044739127e-04
-1.927063422044739127e-04
-1.927063422044739127e-04
-1.927063422044739127e-04
-1.927063422044739127e-04
-1.927063422044739127e-04
-1.927063422044739127e-04
-1.927063422044739127e-04
-1.927063422044739127e-04
-1.927063422044739127e-04
-1.927063422044739127e-04
-1.927063422044739127e-04
-1.927063422044739127e-04
-1.927063422044739127e-04
-1.927063422044739127e-04
-1.927063422044739127e-04
-1.927063422044739127e-04
-1.927063422044739127e-04
-1.927063422044739127e-04
-1.927063422044739127e-04
-1.927063422044739127e-04
-1.927063422044739127e-04
-1.927063422044739127e-04
-1.927063422044739127e-04
-1.927063422044739127e-04
-1.927063422044739127e-04
-1.927063422044739127e-04
-1.927063422044739127e-04
-1.927063422044739127e-04
-1.927063422044739127e-04
-1.927063422044739127e-04
-1.927063422044739127e-04
-1.927063422044739127e-04
-1.927063422044739127e-04
-1.927063422044739127e-04
-1.927063422044739127e-04
-1.927063422044739127e-04
-1.927063422044739127e-04
-1.927063422044739127e-04
-1.927063422044739127e-04
-1.927063422044739127e-04
-1.927063422044739127e-04
-1.927063422044739127e-04
-1.927063422044739127e-04
-1.927063422044739127e-04
-1.927063422044739127e-04
-1.927063422044739127e-04
-1.927063422044739127e-04
-1.927063422044739127e-04
-1.927063422044739127e-04
-1.927063422044739127e-04
-1.927063422044739127e-04
-1.927063422044739127e-04
-1.927063422044739127e-04
-1.927063422044739127e-04
-1.927063422044739127e-04
-1.927063422044739127e-04
-1.927063422044739127e-04
-1.927063422044739127e-04
-1.927063422044739127e-04
-1.927063422044739127e-04
-1.927063422044739127e-04
-1.927063422044739127e-04
-1.927063422044739127e-04
-1.927063422044739127e-04
-1.927063422044739127e-04
-1.927063422044739127e-04
-1.927063422044739127e-04
-1.927063422044739127e-04
-1.927063422044739127e-04
-1.927063422044739127e-04
-1.927063422044739127e-04
-1.927063422044739127e-04
-1.927063422044739127e-04
-1.927063422044739127e-04
-1.927063422044739127e-04
-1.927063422044739127e-04
-1.927063422044739127e-04
-1.927063422044739127e-04
-1.927063422044739127e-04
-1.927063422044739127e-04
-1.927063422044739127e-04
-1.927063422044739127e-04
-1.927063422044739127e-04
-1.927063422044739127e-04
-1.927063422044739127e-04
-1.927063422044739127e-04
-1.927063422044739127e-04
-1.927063422044739127e-04
-1.927063422044739127e-04
-1.927063422044739127e-04
-1.927063422044739127e-04
-1.927063422044739127e-04
-1.927063422044739127e-04
-1.927063422044739127e-04
-1.927063422044739127e-04
-1.927063422044739127e-04
-1.927063422044739127e-04
-1.927063422044739127e-04
-1.927063422044739127e-04
-1.927063422044739127e-04
-1.927063422044739127e-04
-1.927063422044739127e-04
-1.927063422044739127e-04
-1.927063422044739127e-04
-1.927063422044739127e-04
-1.927063422044739127e-04
-1.927063422044739127e-04
-1.927063422044739127e-04
-1.927063422044739127e-04
-1.927063422044739127e-04
-1.927063422044739127e-04
-1.927063422044739127e-04
-1.927063422044739127e-04
-1.927063422044739127e-04
-1.927063422044739127e-04
-1.927063422044739127e-04
-1.927063422044739127e-04
-1.927063422044739127e-04
-1.927063422044739127e-04
-1.927063422044739127e-04
-1.927063422044739127e-04
-1.927063422044739127e-04
-1.927063422044739127e-04
-1.927063422044739127e-04
-1.927063422044739127e-04
-1.927063422044739127e-04
-1.927063422044739127e-04
-1.927063422044739127e-04
-1.927063422044739127e-04
-1.927063422044739127e-04
-1.927063422044739127e-04
-1.927063422044739127e-04
-1.927063422044739127e-04
-1.927063422044739127e-04
-1.927063422044739127e-04
-1.927063422044739127e-04
-1.927063422044739127e-04
-1.927063422044739127e-04
-1.927063422044739127e-04
-1.927063422044739127e-04
-1.927063422044739127e-04
-1.927063422044739127e-04
-1.927063422044739127e-04
-1.927063422044739127e-04
-1.927063422044739127e-04
-1.927063422044739127e-04
-1.927063422044739127e-04
-1.927063422044739127e-04
-1.927063422044739127e-04
-1.927063422044739127e-04
-1.927063422044739127e-04
-1.927063422044739127e-04
-1.927063422044739127e-04
-1.927063422044739127e-04
-1.927063422044739127e-04
-1.927063422044739127e-04
-1.927063422044739127e-04
-1.927063422044739127e-04
-1.927063422044739127e-04
-1.927063422044739127e-04
-1.927063422044739127e-04
-1.927063422044739127e-04
-1.927063422044739127e-04
-1.927063422044739127e-04
-1.927063422044739127e-04
-1.927063422044739127e-04
-1.927063422044739127e-04
-1.927063422044739127e-04
-1.927063422044739127e-04
-1.927063422044739127e-04
-1.927063422044739127e-04
-1.927063422044739127e-04
-1.927063422044739127e-04
-1.927063422044739127e-04
-1.927063422044739127e-04
-1.927063422044739127e-04
-1.927063422044739127e-04
-1.927063422044739127e-04
-1.927063422044739127e-04
-1.927063422044739127e-04
-1.927063422044739127e-04
-1.927063422044739127e-04
-1.927063422044739127e-04
-1.927063422044739127e-04
-1.927063422044739127e-04
-1.927063422044739127e-04
-1.927063422044739127e-04
-1.927063422044739127e-04
-1.927063422044739127e-04
-1.927063422044739127e-04
-1.927063422044739127e-04
-1.927063422044739127e-04
-1.927063422044739127e-04
-1.927063422044739127e-04
-1.927063422044739127e-04
-1.927063422044739127e-04
-1.927063422044739127e-04
-1.927063422044739127e-04
-1.927063422044739127e-04
-1.927063422044739127e-04
-1.927063422044739127e-04
-1.927063422044739127e-04
-1.927063422044739127e-04
-1.927063422044739127e-04
-1.927063422044739127e-04
-1.927063422044739127e-04
-1.927063422044739127e-04
-1.927063422044739127e-04
-1.927063422044739127e-04
-1.927063422044739127e-04
-1.927063422044739127e-04
-1.927063422044739127e-04
-1.927063422044739127e-04
-1.927063422044739127e-04
-1.927063422044739127e-04
-1.927063422044739127e-04
-1.927063422044739127e-04
-1.927063422044739127e-04
-1.927063422044739127e-04
-1.927063422044739127e-04
-1.927063422044739127e-04
-1.927063422044739127e-04
-1.927063422044739127e-04
-1.927063422044739127e-04
-1.927063422044739127e-04
-1.927063422044739127e-04
-1.927063422044739127e-04
-1.927063422044739127e-04
-1.927063422044739127e-04
-1.927063422044739127e-04
-1.927063422044739127e-04
-1.927063422044739127e-04
-1.927063422044739127e-04
-1.927063422044739127e-04
-1.927063422044739127e-04
-1.927063422044739127e-04
-1.927063422044739127e-04
-1.927063422044739127e-04
-1.927063422044739127e-04
-1.927063422044739127e-04
-1.927063422044739127e-04
-1.927063422044739127e-04
-1.927063422044739127e-04
-1.927063422044739127e-04
-1.927063422044739127e-04
-1.927063422044739127e-04
-1.927063422044739127e-04
-1.927063422044739127e-04
-1.927063422044739127e-04
-1.927063422044739127e-04
-1.927063422044739127e-04
-1.927063422044739127e-04
-1.927063422044739127e-04
-1.927063422044739127e-04
-1.927063422044739127e-04
-1.927063422044739127e-04
-1.927063422044739127e-04
-1.927063422044739127e-04
-1.927063422044739127e-04
-1.927063422044739127e-04
-1.927063422044739127e-04
-1.927063422044739127e-04
-1.927063422044739127e-04
-1.927063422044739127e-04
-1.927063422044739127e-04
-1.927063422044739127e-04
-1.927063422044739127e-04
-1.927063422044739127e-04
-1.927063422044739127e-04
-1.927063422044739127e-04
-1.927063422044739127e-04
-1.927063422044739127e-04
-1.927063422044739127e-04
-1.927063422044739127e-04
-1.927063422044739127e-04
-1.927063422044739127e-04
-1.927063422044739127e-04
-1.927063422044739127e-04
-1.927063422044739127e-04
-1.927063422044739127e-04
-1.927063422044739127e-04
-1.927063422044739127e-04
-1.927063422044739127e-04
-1.927063422044739127e-04
-1.927063422044739127e-04
-1.927063422044739127e-04
-1.927063422044739127e-04
-1.927063422044739127e-04
-1.927063422044739127e-04
-1.927063422044739127e-04
-1.927063422044739127e-04
-1.927063422044739127e-04
-1.927063422044739127e-04
-1.927063422044739127e-04
-1.927063422044739127e-04
-1.927063422044739127e-04
-1.927063422044739127e-04
-1.927063422044739127e-04
-1.927063422044739127e-04
-1.927063422044739127e-04
-1.927063422044739127e-04
-1.927063422044739127e-04
-1.927063422044739127e-04
-1.927063422044739127e-04
-1.927063422044739127e-04
-1.927063422044739127e-04
-1.927063422044739127e-04
-1.927063422044739127e-04
-1.927063422044739127e-04
-1.927063422044739127e-04
-1.927063422044739127e-04
-1.927063422044739127e-04
-1.927063422044739127e-04
-1.927063422044739127e-04
-1.927063422044739127e-04
-1.927063422044739127e-04
-1.927063422044739127e-04
-1.927063422044739127e-04
-1.927063422044739127e-04
-1.927063422044739127e-04
-1.927063422044739127e-04
-1.927063422044739127e-04
-1.927063422044739127e-04
-1.927063422044739127e-04
-1.927063422044739127e-04
-1.927063422044739127e-04
-1.927063422044739127e-04
-1.927063422044739127e-04
-1.927063422044739127e-04
-1.927063422044739127e-04
-1.927063422044739127e-04
-1.927063422044739127e-04
-1.927063422044739127e-04
-1.927063422044739127e-04
-1.927063422044739127e-04
-1.927063422044739127e-04
-1.927063422044739127e-04
-1.927063422044739127e-04
-1.927063422044739127e-04
-1.927063422044739127e-04
-1.927063422044739127e-04
-1.927063422044739127e-04
-1.927063422044739127e-04
-1.927063422044739127e-04
-1.927063422044739127e-04
-1.927063422044739127e-04
-1.927063422044739127e-04
-1.927063422044739127e-04
-1.927063422044739127e-04
-1.927063422044739127e-04
-1.927063422044739127e-04
-1.927063422044739127e-04
-1.927063422044739127e-04
-1.927063422044739127e-04
-1.927063422044739127e-04
-1.927063422044739127e-04
-1.927063422044739127e-04
-1.927063422044739127e-04
-1.927063422044739127e-04
-1.927063422044739127e-04
-1.927063422044739127e-04
-1.927063422044739127e-04
-1.927063422044739127e-04
-1.927063422044739127e-04
-1.927063422044739127e-04
-1.927063422044739127e-04
-1.927063422044739127e-04
-1.927063422044739127e-04
-1.927063422044739127e-04
-1.927063422044739127e-04
-1.927063422044739127e-04
-1.927063422044739127e-04
-1.927063422044739127e-04
-1.927063422044739127e-04
-1.927063422044739127e-04
-1.927063422044739127e-04
-1.927063422044739127e-04
-1.927063422044739127e-04
-1.927063422044739127e-04
-1.927063422044739127e-04
-1.927063422044739127e-04
-1.927063422044739127e-04
-1.927063422044739127e-04
-1.927063422044739127e-04
-1.927063422044739127e-04
-1.927063422044739127e-04
-1.927063422044739127e-04
-1.927063422044739127e-04
-1.927063422044739127e-04
-1.927063422044739127e-04
-1.927063422044739127e-04
-1.927063422044739127e-04
-1.927063422044739127e-04
-1.927063422044739127e-04
-1.927063422044739127e-04
-1.927063422044739127e-04
-1.927063422044739127e-04
-1.927063422044739127e-04
-1.927063422044739127e-04
-1.927063422044739127e-04
-1.927063422044739127e-04
-1.927063422044739127e-04
-1.927063422044739127e-04
-1.927063422044739127e-04
-1.927063422044739127e-04
-1.927063422044739127e-04
-1.927063422044739127e-04
-1.927063422044739127e-04
-1.927063422044739127e-04
-1.927063422044739127e-04
-1.927063422044739127e-04
-1.927063422044739127e-04
-1.927063422044739127e-04
-1.927063422044739127e-04
