0.000000000000000000e+00
0.000000000000000000e+00
0.000000000000000000e+00
0.000000000000000000e+00
0.000000000000000000e+00
0.000000000000000000e+00
0.000000000000000000e+00
0.000000000000000000e+00
0.000000000000000000e+00
0.000000000000000000e+00
0.000000000000000000e+00
0.000000000000000000e+00
0.000000000000000000e+00
0.000000000000000000e+00
0.000000000000000000e+00
0.000000000000000000e+00
0.000000000000000000e+00
0.000000000000000000e+00
0.000000000000000000e+00
0.000000000000000000e+00
0.000000000000000000e+00
0.000000000000000000e+00
0.000000000000000000e+00
0.000000000000000000e+00
0.000000000000000000e+00
0.000000000000000000e+00
0.000000000000000000e+00
0.000000000000000000e+00
0.000000000000000000e+00
0.000000000000000000e+00
0.000000000000000000e+00
0.000000000000000000e+00
0.000000000000000000e+00
0.000000000000000000e+00
0.000000000000000000e+00
0.000000000000000000e+00
0.000000000000000000e+00
0.000000000000000000e+00
0.000000000000000000e+00
0.000000000000000000e+00
0.000000000000000000e+00
0.000000000000000000e+00
0.000000000000000000e+00
0.000000000000000000e+00
0.000000000000000000e+00
0.000000000000000000e+00
0.000000000000000000e+00
0.000000000000000000e+00
0.000000000000000000e+00
0.000000000000000000e+00
0.000000000000000000e+00
0.000000000000000000e+00
0.000000000000000000e+00
0.000000000000000000e+00
0.000000000000000000e+00
0.000000000000000000e+00
0.000000000000000000e+00
0.000000000000000000e+00
0.000000000000000000e+00
0.000000000000000000e+00
0.000000000000000000e+00
0.000000000000000000e+00
0.000000000000000000e+00
0.000000000000000000e+00
0.000000000000000000e+00
0.000000000000000000e+00
0.000000000000000000e+00
0.000000000000000000e+00
0.000000000000000000e+00
0.000000000000000000e+00
0.000000000000000000e+00
0.000000000000000000e+00
0.000000000000000000e+00
0.000000000000000000e+00
0.000000000000000000e+00
0.000000000000000000e+00
0.000000000000000000e+00
0.000000000000000000e+00
0.000000000000000000e+00
0.000000000000000000e+00
0.000000000000000000e+00
0.000000000000000000e+00
0.000000000000000000e+00
0.000000000000000000e+00
0.000000000000000000e+00
0.000000000000000000e+00
0.000000000000000000e+00
0.000000000000000000e+00
0.000000000000000000e+00
0.000000000000000000e+00
0.000000000000000000e+00
0.000000000000000000e+00
0.000000000000000000e+00
0.000000000000000000e+00
0.000000000000000000e+00
0.000000000000000000e+00
0.000000000000000000e+00
0.000000000000000000e+00
0.000000000000000000e+00
0.000000000000000000e+00
0.000000000000000000e+00
0.000000000000000000e+00
0.000000000000000000e+00
0.000000000000000000e+00
0.000000000000000000e+00
0.000000000000000000e+00
0.000000000000000000e+00
0.000000000000000000e+00
0.000000000000000000e+00
0.000000000000000000e+00
0.000000000000000000e+00
0.000000000000000000e+00
0.000000000000000000e+00
0.000000000000000000e+00
0.000000000000000000e+00
0.000000000000000000e+00
0.000000000000000000e+00
0.000000000000000000e+00
0.000000000000000000e+00
0.000000000000000000e+00
0.000000000000000000e+00
0.000000000000000000e+00
0.000000000000000000e+00
0.000000000000000000e+00
0.000000000000000000e+00
0.000000000000000000e+00
0.000000000000000000e+00
0.000000000000000000e+00
0.000000000000000000e+00
0.000000000000000000e+00
0.000000000000000000e+00
0.000000000000000000e+00
0.000000000000000000e+00
0.000000000000000000e+00
1.164917927235364914e-02
2.339001186192035675e-02
3.417222201824188232e-02
4.776357114315032959e-02
6.280028074979782104e-02
7.919166982173919678e-02
9.610592573881149292e-02
1.138486713171005249e-01
1.316083371639251709e-01
1.497334986925125122e-01
1.676220297813415527e-01
1.851152330636978149e-01
2.028210610151290894e-01
2.197533100843429565e-01
2.368686050176620483e-01
2.546068727970123291e-01
2.700894474983215332e-01
2.858130037784576416e-01
3.006456494331359863e-01
3.150963485240936279e-01
3.291004598140716553e-01
3.426515460014343262e-01
3.557841777801513672e-01
3.685176074504852295e-01
3.805072903633117676e-01
3.921253383159637451e-01
4.033335447311401367e-01
4.139111042022705078e-01
4.241625666618347168e-01
4.340072572231292725e-01
4.433990716934204102e-01
4.522939920425415039e-01
4.606107473373413086e-01
4.687268733978271484e-01
4.765135049819946289e-01
4.838898181915283203e-01
4.907475113868713379e-01
4.973770081996917725e-01
5.035971403121948242e-01
5.095708966255187988e-01
5.158883333206176758e-01
5.209382176399230957e-01
5.258381962776184082e-01
5.304936170578002930e-01
5.349027514457702637e-01
5.357615351676940918e-01
5.391249656677246094e-01
5.421679615974426270e-01
5.442637801170349121e-01
5.471840500831604004e-01
5.498808622360229492e-01
5.528787970542907715e-01
5.554946064949035645e-01
5.583311915397644043e-01
5.609973073005676270e-01
5.636536478996276855e-01
5.662052631378173828e-01
5.686570405960083008e-01
5.710302591323852539e-01
5.732815861701965332e-01
5.754229426383972168e-01
5.774416327476501465e-01
5.869557261466979980e-01
5.959693193435668945e-01
6.031887531280517578e-01
6.121863126754760742e-01
6.210967302322387695e-01
6.297430396080017090e-01
6.378131508827209473e-01
6.453388929367065430e-01
6.522238850593566895e-01
6.586218476295471191e-01
6.644785404205322266e-01
6.697357296943664551e-01
6.744644045829772949e-01
6.786144971847534180e-01
6.822579503059387207e-01
6.854481697082519531e-01
6.882050633430480957e-01
6.906529068946838379e-01
6.927590370178222656e-01
6.944946050643920898e-01
6.958943605422973633e-01
6.969903707504272461e-01
6.977487802505493164e-01
6.982066035270690918e-01
6.984300017356872559e-01
6.984071135520935059e-01
6.981520056724548340e-01
6.976801753044128418e-01
6.970945596694946289e-01
6.963520646095275879e-01
6.955198049545288086e-01
6.945856213569641113e-01
6.935433745384216309e-01
6.923880577087402344e-01
6.911447048187255859e-01
6.898221969604492188e-01
6.884291172027587891e-01
6.869516968727111816e-01
6.853938102722167969e-01
6.837973594665527344e-01
6.821919083595275879e-01
6.805412769317626953e-01
6.788391470909118652e-01
6.783435344696044922e-01
6.771926283836364746e-01
6.760460734367370605e-01
6.754237413406372070e-01
6.746103763580322266e-01
6.739874482154846191e-01
6.732778549194335938e-01
6.728861927986145020e-01
6.725493669509887695e-01
6.724029183387756348e-01
6.723721027374267578e-01
6.724978089332580566e-01
6.727893948554992676e-01
6.732364892959594727e-01
6.738588213920593262e-01
6.746819019317626953e-01
6.756783723831176758e-01
6.768482327461242676e-01
6.782094836235046387e-01
6.797277331352233887e-01
6.814811229705810547e-01
6.833932995796203613e-01
6.854960322380065918e-01
6.877170801162719727e-01
6.975755095481872559e-01
7.080058455467224121e-01
7.189370393753051758e-01
7.322257161140441895e-01
7.466826438903808594e-01
7.617110013961791992e-01
7.771459817886352539e-01
7.925867438316345215e-01
8.080360889434814453e-01
8.236793875694274902e-01
8.396161794662475586e-01
8.552902340888977051e-01
8.709473609924316406e-01
8.861704468727111816e-01
9.010330438613891602e-01
9.156605005264282227e-01
9.298985600471496582e-01
9.437413215637207031e-01
9.572309255599975586e-01
9.701999425888061523e-01
9.828895330429077148e-01
9.949610829353332520e-01
1.006626725196838379e+00
1.017820358276367188e+00
1.028578758239746094e+00
1.038950443267822266e+00
1.048864483833312988e+00
1.058120727539062500e+00
1.067072629928588867e+00
1.075599312782287598e+00
1.083946347236633301e+00
1.091705560684204102e+00
1.099055767059326172e+00
1.106249690055847168e+00
1.113443851470947266e+00
1.119738340377807617e+00
1.125958919525146484e+00
1.131796002388000488e+00
1.137306332588195801e+00
1.142480731010437012e+00
1.147600293159484863e+00
1.148822903633117676e+00
1.152302026748657227e+00
1.155620217323303223e+00
1.157472372055053711e+00
1.160345554351806641e+00
1.162690043449401855e+00
1.165597796440124512e+00
1.167717456817626953e+00
1.170148849487304688e+00
1.172287106513977051e+00
1.174431443214416504e+00
1.176459908485412598e+00
1.186063289642333984e+00
1.196224451065063477e+00
1.205316543579101562e+00
1.215172171592712402e+00
1.224875569343566895e+00
1.234330177307128906e+00
1.243861317634582520e+00
1.253142714500427246e+00
1.262210011482238770e+00
1.270818948745727539e+00
1.279052853584289551e+00
1.286975264549255371e+00
1.294722676277160645e+00
1.302252292633056641e+00
1.309570193290710449e+00
1.316572189331054688e+00
1.323379516601562500e+00
1.330122947692871094e+00
1.336593627929687500e+00
1.342886447906494141e+00
1.349069952964782715e+00
1.355190277099609375e+00
1.361273646354675293e+00
1.367167711257934570e+00
1.372994422912597656e+00
1.378721237182617188e+00
1.384284615516662598e+00
1.389723777770996094e+00
1.394943594932556152e+00
1.400035858154296875e+00
1.404924869537353516e+00
1.409488439559936523e+00
1.413724422454833984e+00
1.417555332183837891e+00
1.420930743217468262e+00
1.423869967460632324e+00
1.426045536994934082e+00
1.427504062652587891e+00
1.428165912628173828e+00
1.428053855895996094e+00
1.427084922790527344e+00
1.425102472305297852e+00
1.422195911407470703e+00
1.418513298034667969e+00
1.413740873336791992e+00
1.407943367958068848e+00
1.401543736457824707e+00
1.394715905189514160e+00
1.387474060058593750e+00
1.380257368087768555e+00
1.373129844665527344e+00
1.366227030754089355e+00
1.359420299530029297e+00
1.352820515632629395e+00
1.346505999565124512e+00
1.340287208557128906e+00
1.334389805793762207e+00
1.328887104988098145e+00
1.323559999465942383e+00
1.318477034568786621e+00
1.313561439514160156e+00
1.308993935585021973e+00
1.304553747177124023e+00
1.300405621528625488e+00
1.296341419219970703e+00
1.292501568794250488e+00
1.291533589363098145e+00
1.288632512092590332e+00
1.285860657691955566e+00
1.284225463867187500e+00
1.281769394874572754e+00
1.279991030693054199e+00
1.277819871902465820e+00
1.276156306266784668e+00
1.274213790893554688e+00
1.272796392440795898e+00
1.271283030509948730e+00
1.269961714744567871e+00
1.268858194351196289e+00
1.267967820167541504e+00
1.267276167869567871e+00
1.266812920570373535e+00
1.266581296920776367e+00
1.266564726829528809e+00
1.266774535179138184e+00
1.267267584800720215e+00
1.267977595329284668e+00
1.268937110900878906e+00
1.270124673843383789e+00
1.271598458290100098e+00
1.273310899734497070e+00
1.275246739387512207e+00
1.277372479438781738e+00
1.279735565185546875e+00
1.282344341278076172e+00
1.285080313682556152e+00
1.287949442863464355e+00
1.299236774444580078e+00
1.310958027839660645e+00
1.322638750076293945e+00
1.336705684661865234e+00
1.351922035217285156e+00
1.368223428726196289e+00
1.384845495223999023e+00
1.401983141899108887e+00
1.418478608131408691e+00
1.435399174690246582e+00
1.451551079750061035e+00
1.468024373054504395e+00
1.484139919281005859e+00
1.499798774719238281e+00
1.515080690383911133e+00
1.529876351356506348e+00
1.544336318969726562e+00
1.558369636535644531e+00
1.571970462799072266e+00
1.584996461868286133e+00
1.597757697105407715e+00
1.609969496726989746e+00
1.621634244918823242e+00
1.632816433906555176e+00
1.643416285514831543e+00
1.653796315193176270e+00
1.663766860961914062e+00
1.673222064971923828e+00
1.682319164276123047e+00
1.690944910049438477e+00
1.699200153350830078e+00
1.707568764686584473e+00
1.714745640754699707e+00
1.721902847290039062e+00
1.728609323501586914e+00
1.734928846359252930e+00
1.740904331207275391e+00
1.746476769447326660e+00
1.751962780952453613e+00
1.757189989089965820e+00
1.758539438247680664e+00
1.762068152427673340e+00
1.765481352806091309e+00
1.767481803894042969e+00
1.770444393157958984e+00
1.773002028465270996e+00
1.775838851928710938e+00
1.778394103050231934e+00
1.780805826187133789e+00
1.783094286918640137e+00
1.785279273986816406e+00
1.795154571533203125e+00
1.805447101593017578e+00
1.814836382865905762e+00
1.824946641921997070e+00
1.835287213325500488e+00
1.845173835754394531e+00
1.855350017547607422e+00
1.864968180656433105e+00
1.874064087867736816e+00
1.882715463638305664e+00
1.890826344490051270e+00
1.898450016975402832e+00
1.905465841293334961e+00
1.912051916122436523e+00
1.918121337890625000e+00
1.923733830451965332e+00
1.928876519203186035e+00
1.933545231819152832e+00
1.937843799591064453e+00
1.941687464714050293e+00
1.945094704627990723e+00
1.948107719421386719e+00
1.950723767280578613e+00
1.952958822250366211e+00
1.954781174659729004e+00
1.956210613250732422e+00
1.957272171974182129e+00
1.957888007164001465e+00
1.958053350448608398e+00
1.957805037498474121e+00
1.957198858261108398e+00
1.956362128257751465e+00
1.955514669418334961e+00
1.954710125923156738e+00
1.953770160675048828e+00
1.952607274055480957e+00
1.951260447502136230e+00
1.949773788452148438e+00
1.948225975036621094e+00
1.946497321128845215e+00
1.944678783416748047e+00
1.942766189575195312e+00
1.940832376480102539e+00
1.938828587532043457e+00
1.936773300170898438e+00
1.934663772583007812e+00
1.932486534118652344e+00
1.930297255516052246e+00
1.928058624267578125e+00
1.925806879997253418e+00
1.923538804054260254e+00
1.921249985694885254e+00
1.918965220451354980e+00
1.916716694831848145e+00
1.914543390274047852e+00
1.912248492240905762e+00
1.909958243370056152e+00
1.907602429389953613e+00
1.905255794525146484e+00
1.902995705604553223e+00
1.900795817375183105e+00
1.898572564125061035e+00
1.896435379981994629e+00
1.894289255142211914e+00
1.892192959785461426e+00
1.891588211059570312e+00
1.890145421028137207e+00
1.888793706893920898e+00
1.888061046600341797e+00
1.887011170387268066e+00
1.886195182800292969e+00
1.885374307632446289e+00
1.884676575660705566e+00
1.884181737899780273e+00
1.883831262588500977e+00
1.883647203445434570e+00
1.883640050888061523e+00
1.883832335472106934e+00
1.884211421012878418e+00
1.884775161743164062e+00
1.885509371757507324e+00
1.886435985565185547e+00
1.887595653533935547e+00
1.888931155204772949e+00
1.890454769134521484e+00
1.892152547836303711e+00
1.894047021865844727e+00
1.896085739135742188e+00
1.898252010345458984e+00
1.908009409904479980e+00
1.918484807014465332e+00
1.928963184356689453e+00
1.941743373870849609e+00
1.956034421920776367e+00
1.971164941787719727e+00
1.986818790435791016e+00
2.002737760543823242e+00
2.018932819366455078e+00
2.035230636596679688e+00
2.051252365112304688e+00
2.067290544509887695e+00
2.083052873611450195e+00
2.098458528518676758e+00
2.113729476928710938e+00
2.128759145736694336e+00
2.143172740936279297e+00
2.157421112060546875e+00
2.171048164367675781e+00
2.184417247772216797e+00
2.197322130203247070e+00
2.209722518920898438e+00
2.221785306930541992e+00
2.233434200286865234e+00
2.244514226913452148e+00
2.255123615264892578e+00
2.265558242797851562e+00
2.275450706481933594e+00
2.284662961959838867e+00
2.293690204620361328e+00
2.302252054214477539e+00
2.310465812683105469e+00
2.318188428878784180e+00
2.325662136077880859e+00
2.332627058029174805e+00
2.339367866516113281e+00
2.345603942871093750e+00
2.351598262786865234e+00
2.357294797897338867e+00
2.362810134887695312e+00
2.367747783660888672e+00
2.369031190872192383e+00
2.372661352157592773e+00
2.375944614410400391e+00
2.377860307693481445e+00
2.380825757980346680e+00
2.383372068405151367e+00
2.386279582977294922e+00
2.388619899749755859e+00
2.391077518463134766e+00
2.393398284912109375e+00
2.395552396774291992e+00
2.405040264129638672e+00
2.414915323257446289e+00
2.423846483230590820e+00
2.433432102203369141e+00
2.443195104598999023e+00
2.453026056289672852e+00
2.462447166442871094e+00
2.471343994140625000e+00
2.479667663574218750e+00
2.487295627593994141e+00
2.494399070739746094e+00
2.501248836517333984e+00
2.507020473480224609e+00
2.512246131896972656e+00
2.516803741455078125e+00
2.520806312561035156e+00
2.524397373199462891e+00
2.527595758438110352e+00
2.530370950698852539e+00
2.532783508300781250e+00
2.534828662872314453e+00
2.536501169204711914e+00
2.537807941436767578e+00
2.538736581802368164e+00
2.539357185363769531e+00
2.539708137512207031e+00
2.539733409881591797e+00
2.539507627487182617e+00
2.539039850234985352e+00
2.538365125656127930e+00
2.537539720535278320e+00
2.536561727523803711e+00
2.535431861877441406e+00
2.534163475036621094e+00
2.532761812210083008e+00
2.531231880187988281e+00
2.529742717742919922e+00
2.528028964996337891e+00
2.526272773742675781e+00
2.524405002593994141e+00
2.522557735443115234e+00
2.520684719085693359e+00
2.518714666366577148e+00
2.516725540161132812e+00
2.514724731445312500e+00
2.514182090759277344e+00
2.512499809265136719e+00
2.511228084564208984e+00
2.510332345962524414e+00
2.509204864501953125e+00
2.508327245712280273e+00
2.507469654083251953e+00
2.506854772567749023e+00
2.506335020065307617e+00
2.505934238433837891e+00
2.505703926086425781e+00
2.505668878555297852e+00
2.505813121795654297e+00
2.506130218505859375e+00
2.506654262542724609e+00
2.507399082183837891e+00
2.508362054824829102e+00
2.509491205215454102e+00
2.510794639587402344e+00
2.512371540069580078e+00
2.514144897460937500e+00
2.516161441802978516e+00
2.518262863159179688e+00
2.520600318908691406e+00
2.523130893707275391e+00
2.533012390136718750e+00
2.543483257293701172e+00
2.554256439208984375e+00
2.567049026489257812e+00
2.581141710281372070e+00
2.596273899078369141e+00
2.611637592315673828e+00
2.627224683761596680e+00
2.642789602279663086e+00
2.658602714538574219e+00
2.674295663833618164e+00
2.690082788467407227e+00
2.705537319183349609e+00
2.720839023590087891e+00
2.735898494720458984e+00
2.750293493270874023e+00
2.764609575271606445e+00
2.778505802154541016e+00
2.791841030120849609e+00
2.804774045944213867e+00
2.817270040512084961e+00
2.829332828521728516e+00
2.840949058532714844e+00
2.852224826812744141e+00
2.862938642501831055e+00
2.873207092285156250e+00
2.883122920989990234e+00
2.892502784729003906e+00
2.901258707046508789e+00
2.910017728805541992e+00
2.918174505233764648e+00
2.926090955734252930e+00
2.933619260787963867e+00
2.940813779830932617e+00
2.947708368301391602e+00
2.954035758972167969e+00
2.960253715515136719e+00
2.966028690338134766e+00
2.971617221832275391e+00
2.976744651794433594e+00
2.982035398483276367e+00
2.986590147018432617e+00
2.990884780883789062e+00
2.995116472244262695e+00
2.998934030532836914e+00
3.002614259719848633e+00
3.006103754043579102e+00
3.009417533874511719e+00
3.012593030929565430e+00
3.015563488006591797e+00
3.018370866775512695e+00
3.020942687988281250e+00
3.023419857025146484e+00
3.025834321975708008e+00
3.027961254119873047e+00
3.029796361923217773e+00
3.031942129135131836e+00
3.033259630203247070e+00
3.035142898559570312e+00
3.036255836486816406e+00
3.038063049316406250e+00
3.038980722427368164e+00
3.040635108947753906e+00
3.041361570358276367e+00
3.042812585830688477e+00
3.043397903442382812e+00
3.044710159301757812e+00
3.045369625091552734e+00
3.046388387680053711e+00
3.046916246414184570e+00
3.047849893569946289e+00
3.048440217971801758e+00
3.049295425415039062e+00
3.049624681472778320e+00
3.049955368041992188e+00
3.050325870513916016e+00
3.050612449645996094e+00
3.051005601882934570e+00
3.051414966583251953e+00
3.051743745803833008e+00
3.052144765853881836e+00
3.052531480789184570e+00
3.052970886230468750e+00
3.053458929061889648e+00
3.053791046142578125e+00
3.054321050643920898e+00
3.054719924926757812e+00
3.055242061614990234e+00
3.055649995803833008e+00
3.056160688400268555e+00
3.056634902954101562e+00
3.057153224945068359e+00
3.057671546936035156e+00
3.058159589767456055e+00
3.058650016784667969e+00
3.059306383132934570e+00
3.059715986251831055e+00
3.060240983963012695e+00
3.060364723205566406e+00
3.060364723205566406e+00
3.060364723205566406e+00
3.060364723205566406e+00
3.060364723205566406e+00
3.060364723205566406e+00
3.060364723205566406e+00
3.060364723205566406e+00
3.060364723205566406e+00
3.060364723205566406e+00
3.060364723205566406e+00
3.060364723205566406e+00
3.060364723205566406e+00
3.060364723205566406e+00
3.060364723205566406e+00
3.060364723205566406e+00
3.060364723205566406e+00
3.060364723205566406e+00
3.060364723205566406e+00
3.060364723205566406e+00
3.060364723205566406e+00
3.060364723205566406e+00
3.060364723205566406e+00
3.060364723205566406e+00
3.060364723205566406e+00
3.060364723205566406e+00
3.060364723205566406e+00
3.060364723205566406e+00
3.060364723205566406e+00
3.060364723205566406e+00
3.060364723205566406e+00
3.060364723205566406e+00
3.060364723205566406e+00
3.060364723205566406e+00
3.060364723205566406e+00
3.060364723205566406e+00
3.060364723205566406e+00
3.060364723205566406e+00
3.060364723205566406e+00
3.060364723205566406e+00
3.060364723205566406e+00
3.060364723205566406e+00
3.060364723205566406e+00
3.060364723205566406e+00
3.060364723205566406e+00
3.060364723205566406e+00
3.060364723205566406e+00
3.060364723205566406e+00
3.060364723205566406e+00
3.060364723205566406e+00
3.060364723205566406e+00
3.060364723205566406e+00
3.060364723205566406e+00
3.060364723205566406e+00
3.060364723205566406e+00
3.060364723205566406e+00
3.060364723205566406e+00
3.060364723205566406e+00
3.060364723205566406e+00
3.060364723205566406e+00
3.060364723205566406e+00
3.060364723205566406e+00
3.060364723205566406e+00
3.060364723205566406e+00
3.060364723205566406e+00
3.060364723205566406e+00
3.060364723205566406e+00
3.060364723205566406e+00
3.060364723205566406e+00
3.060364723205566406e+00
3.060364723205566406e+00
3.060364723205566406e+00
3.060364723205566406e+00
3.060364723205566406e+00
3.060364723205566406e+00
3.060364723205566406e+00
3.060364723205566406e+00
3.060364723205566406e+00
3.060364723205566406e+00
3.060364723205566406e+00
3.060364723205566406e+00
3.060364723205566406e+00
3.060364723205566406e+00
3.060364723205566406e+00
3.060364723205566406e+00
3.060364723205566406e+00
3.060364723205566406e+00
3.060364723205566406e+00
3.060364723205566406e+00
3.060364723205566406e+00
3.060364723205566406e+00
3.060364723205566406e+00
3.060364723205566406e+00
3.060364723205566406e+00
3.060364723205566406e+00
3.060364723205566406e+00
3.060364723205566406e+00
3.060364723205566406e+00
3.060364723205566406e+00
3.060364723205566406e+00
3.060364723205566406e+00
3.060364723205566406e+00
3.060364723205566406e+00
3.060364723205566406e+00
3.060364723205566406e+00
3.060364723205566406e+00
3.060364723205566406e+00
3.060364723205566406e+00
3.060364723205566406e+00
3.060364723205566406e+00
3.060364723205566406e+00
3.060364723205566406e+00
3.060364723205566406e+00
3.060364723205566406e+00
3.060364723205566406e+00
3.060364723205566406e+00
3.060364723205566406e+00
3.060364723205566406e+00
3.060364723205566406e+00
3.060364723205566406e+00
3.060364723205566406e+00
3.060364723205566406e+00
3.060364723205566406e+00
3.060364723205566406e+00
3.060364723205566406e+00
3.060364723205566406e+00
3.060364723205566406e+00
3.060364723205566406e+00
3.060364723205566406e+00
3.060364723205566406e+00
3.060364723205566406e+00
3.060364723205566406e+00
3.060364723205566406e+00
3.060364723205566406e+00
3.060364723205566406e+00
3.060364723205566406e+00
3.060364723205566406e+00
3.060364723205566406e+00
3.060364723205566406e+00
3.060364723205566406e+00
3.060364723205566406e+00
3.060364723205566406e+00
3.060364723205566406e+00
3.060364723205566406e+00
3.060364723205566406e+00
3.060364723205566406e+00
3.060364723205566406e+00
3.060364723205566406e+00
3.060364723205566406e+00
3.060364723205566406e+00
3.060364723205566406e+00
3.060364723205566406e+00
3.060364723205566406e+00
3.060364723205566406e+00
3.060364723205566406e+00
3.060364723205566406e+00
3.060364723205566406e+00
3.060364723205566406e+00
3.060364723205566406e+00
3.060364723205566406e+00
3.060364723205566406e+00
3.060364723205566406e+00
3.060364723205566406e+00
3.060364723205566406e+00
3.060364723205566406e+00
3.060364723205566406e+00
3.060364723205566406e+00
3.060364723205566406e+00
3.060364723205566406e+00
3.060364723205566406e+00
3.060364723205566406e+00
3.060364723205566406e+00
3.060364723205566406e+00
3.060364723205566406e+00
3.060364723205566406e+00
3.060364723205566406e+00
3.060364723205566406e+00
3.060364723205566406e+00
3.060364723205566406e+00
3.060364723205566406e+00
3.060364723205566406e+00
3.060364723205566406e+00
3.060364723205566406e+00
3.060364723205566406e+00
3.060364723205566406e+00
3.060364723205566406e+00
3.060364723205566406e+00
3.060364723205566406e+00
3.060364723205566406e+00
3.060364723205566406e+00
3.060364723205566406e+00
3.060364723205566406e+00
3.060364723205566406e+00
3.060364723205566406e+00
3.060364723205566406e+00
3.060364723205566406e+00
3.060364723205566406e+00
3.060364723205566406e+00
3.060364723205566406e+00
3.060364723205566406e+00
3.060364723205566406e+00
3.060364723205566406e+00
3.060364723205566406e+00
3.060364723205566406e+00
3.060364723205566406e+00
3.060364723205566406e+00
3.060364723205566406e+00
3.060364723205566406e+00
3.060364723205566406e+00
3.060364723205566406e+00
3.060364723205566406e+00
3.060364723205566406e+00
3.060364723205566406e+00
3.060364723205566406e+00
3.060364723205566406e+00
3.060364723205566406e+00
3.060364723205566406e+00
3.060364723205566406e+00
3.060364723205566406e+00
3.060364723205566406e+00
3.060364723205566406e+00
3.060364723205566406e+00
3.060364723205566406e+00
3.060364723205566406e+00
3.060364723205566406e+00
3.060364723205566406e+00
3.060364723205566406e+00
3.060364723205566406e+00
3.060364723205566406e+00
3.060364723205566406e+00
3.060364723205566406e+00
3.060364723205566406e+00
3.060364723205566406e+00
3.060364723205566406e+00
3.060364723205566406e+00
3.060364723205566406e+00
3.060364723205566406e+00
3.060364723205566406e+00
3.060364723205566406e+00
3.060364723205566406e+00
3.060364723205566406e+00
3.060364723205566406e+00
3.060364723205566406e+00
3.060364723205566406e+00
3.060364723205566406e+00
3.060364723205566406e+00
3.060364723205566406e+00
3.060364723205566406e+00
3.060364723205566406e+00
3.060364723205566406e+00
3.060364723205566406e+00
3.060364723205566406e+00
3.060364723205566406e+00
3.060364723205566406e+00
3.060364723205566406e+00
3.060364723205566406e+00
3.060364723205566406e+00
3.060364723205566406e+00
3.060364723205566406e+00
3.060364723205566406e+00
3.060364723205566406e+00
3.060364723205566406e+00
3.060364723205566406e+00
3.060364723205566406e+00
3.060364723205566406e+00
3.060364723205566406e+00
3.060364723205566406e+00
3.060364723205566406e+00
3.060364723205566406e+00
3.060364723205566406e+00
3.060364723205566406e+00
3.060364723205566406e+00
3.060364723205566406e+00
3.060364723205566406e+00
3.060364723205566406e+00
3.060364723205566406e+00
3.060364723205566406e+00
3.060364723205566406e+00
3.060364723205566406e+00
3.060364723205566406e+00
3.060364723205566406e+00
3.060364723205566406e+00
3.060364723205566406e+00
3.060364723205566406e+00
3.060364723205566406e+00
3.060364723205566406e+00
3.060364723205566406e+00
3.060364723205566406e+00
3.060364723205566406e+00
3.060364723205566406e+00
3.060364723205566406e+00
3.060364723205566406e+00
3.060364723205566406e+00
3.060364723205566406e+00
3.060364723205566406e+00
3.060364723205566406e+00
3.060364723205566406e+00
3.060364723205566406e+00
3.060364723205566406e+00
3.060364723205566406e+00
3.060364723205566406e+00
3.060364723205566406e+00
3.060364723205566406e+00
3.060364723205566406e+00
3.060364723205566406e+00
3.060364723205566406e+00
3.060364723205566406e+00
3.060364723205566406e+00
3.060364723205566406e+00
3.060364723205566406e+00
3.060364723205566406e+00
3.060364723205566406e+00
3.060364723205566406e+00
3.060364723205566406e+00
3.060364723205566406e+00
3.060364723205566406e+00
3.060364723205566406e+00
3.060364723205566406e+00
3.060364723205566406e+00
3.060364723205566406e+00
3.060364723205566406e+00
3.060364723205566406e+00
3.060364723205566406e+00
3.060364723205566406e+00
3.060364723205566406e+00
3.060364723205566406e+00
3.060364723205566406e+00
3.060364723205566406e+00
3.060364723205566406e+00
3.060364723205566406e+00
3.060364723205566406e+00
3.060364723205566406e+00
3.060364723205566406e+00
3.060364723205566406e+00
3.060364723205566406e+00
3.060364723205566406e+00
3.060364723205566406e+00
3.060364723205566406e+00
3.060364723205566406e+00
3.060364723205566406e+00
3.060364723205566406e+00
3.060364723205566406e+00
3.060364723205566406e+00
3.060364723205566406e+00
3.060364723205566406e+00
3.060364723205566406e+00
3.060364723205566406e+00
3.060364723205566406e+00
3.060364723205566406e+00
3.060364723205566406e+00
3.060364723205566406e+00
3.060364723205566406e+00
3.060364723205566406e+00
3.060364723205566406e+00
3.060364723205566406e+00
3.060364723205566406e+00
3.060364723205566406e+00
3.060364723205566406e+00
3.060364723205566406e+00
3.060364723205566406e+00
3.060364723205566406e+00
3.060364723205566406e+00
3.060364723205566406e+00
3.060364723205566406e+00
3.060364723205566406e+00
3.060364723205566406e+00
3.060364723205566406e+00
3.060364723205566406e+00
3.060364723205566406e+00
3.060364723205566406e+00
3.060364723205566406e+00
3.060364723205566406e+00
3.060364723205566406e+00
3.060364723205566406e+00
3.060364723205566406e+00
3.060364723205566406e+00
3.060364723205566406e+00
3.060364723205566406e+00
3.060364723205566406e+00
3.060364723205566406e+00
3.060364723205566406e+00
3.060364723205566406e+00
3.060364723205566406e+00
3.060364723205566406e+00
3.060364723205566406e+00
3.060364723205566406e+00
3.060364723205566406e+00
3.060364723205566406e+00
3.060364723205566406e+00
3.060364723205566406e+00
3.060364723205566406e+00
3.060364723205566406e+00
3.060364723205566406e+00
3.060364723205566406e+00
3.060364723205566406e+00
3.060364723205566406e+00
3.060364723205566406e+00
3.060364723205566406e+00
3.060364723205566406e+00
3.060405969619750977e+00
3.060405969619750977e+00
3.060405969619750977e+00
3.060405969619750977e+00
3.060405969619750977e+00
3.060405969619750977e+00
3.060405969619750977e+00
3.060405969619750977e+00
3.060405969619750977e+00
3.060405969619750977e+00
3.060405969619750977e+00
3.060405969619750977e+00
3.060405969619750977e+00
3.060405969619750977e+00
3.060405969619750977e+00
3.060405969619750977e+00
3.060405969619750977e+00
3.060405969619750977e+00
3.060405969619750977e+00
3.060405969619750977e+00
3.060405969619750977e+00
3.060405969619750977e+00
3.060405969619750977e+00
3.060405969619750977e+00
3.060405969619750977e+00
3.060405969619750977e+00
3.060405969619750977e+00
3.060405969619750977e+00
3.060405969619750977e+00
3.060405969619750977e+00
3.060405969619750977e+00
3.060405969619750977e+00
3.060405969619750977e+00
3.060405969619750977e+00
3.060405969619750977e+00
3.060405969619750977e+00
3.060405969619750977e+00
3.060405969619750977e+00
3.060405969619750977e+00
3.060405969619750977e+00
3.060405969619750977e+00
3.060405969619750977e+00
3.060405969619750977e+00
3.060405969619750977e+00
3.060405969619750977e+00
3.060405969619750977e+00
3.060405969619750977e+00
3.060405969619750977e+00
3.060405969619750977e+00
3.060405969619750977e+00
3.060405969619750977e+00
3.060405969619750977e+00
3.060405969619750977e+00
3.060405969619750977e+00
3.060405969619750977e+00
3.060405969619750977e+00
3.060405969619750977e+00
3.060405969619750977e+00
3.060405969619750977e+00
3.060405969619750977e+00
3.060405969619750977e+00
3.060405969619750977e+00
3.060405969619750977e+00
3.060405969619750977e+00
3.060405969619750977e+00
3.060405969619750977e+00
3.060405969619750977e+00
3.060405969619750977e+00
3.060405969619750977e+00
3.060405969619750977e+00
3.060405969619750977e+00
3.060405969619750977e+00
3.060405969619750977e+00
3.060405969619750977e+00
3.060405969619750977e+00
3.060405969619750977e+00
3.060405969619750977e+00
3.060405969619750977e+00
3.060405969619750977e+00
3.060405969619750977e+00
3.060405969619750977e+00
3.060405969619750977e+00
3.060405969619750977e+00
3.060405969619750977e+00
3.060405969619750977e+00
3.060405969619750977e+00
3.060405969619750977e+00
3.060405969619750977e+00
3.060405969619750977e+00
3.060405969619750977e+00
3.060405969619750977e+00
3.060405969619750977e+00
3.060405969619750977e+00
3.060405969619750977e+00
3.060405969619750977e+00
3.060405969619750977e+00
3.060405969619750977e+00
3.060405969619750977e+00
3.060405969619750977e+00
3.060405969619750977e+00
3.060405969619750977e+00
3.060405969619750977e+00
3.060405969619750977e+00
3.060405969619750977e+00
3.060405969619750977e+00
3.060405969619750977e+00
3.060405969619750977e+00
3.060405969619750977e+00
3.060405969619750977e+00
3.060405969619750977e+00
3.060405969619750977e+00
3.060405969619750977e+00
3.060405969619750977e+00
3.060405969619750977e+00
3.060405969619750977e+00
3.060405969619750977e+00
3.060405969619750977e+00
3.060405969619750977e+00
3.060405969619750977e+00
3.060405969619750977e+00
3.060405969619750977e+00
3.060405969619750977e+00
3.060405969619750977e+00
3.060405969619750977e+00
3.060405969619750977e+00
3.060405969619750977e+00
3.060405969619750977e+00
3.060405969619750977e+00
3.060405969619750977e+00
3.060405969619750977e+00
3.060405969619750977e+00
3.060405969619750977e+00
3.060405969619750977e+00
3.060405969619750977e+00
3.060405969619750977e+00
3.060405969619750977e+00
3.060405969619750977e+00
3.060405969619750977e+00
3.060405969619750977e+00
3.060405969619750977e+00
3.060405969619750977e+00
3.060405969619750977e+00
3.060405969619750977e+00
3.060405969619750977e+00
3.060405969619750977e+00
3.060405969619750977e+00
3.060405969619750977e+00
3.060405969619750977e+00
3.060405969619750977e+00
3.060405969619750977e+00
3.060405969619750977e+00
3.060405969619750977e+00
3.060405969619750977e+00
3.060405969619750977e+00
3.060405969619750977e+00
3.060405969619750977e+00
3.060405969619750977e+00
3.060405969619750977e+00
3.060405969619750977e+00
3.060405969619750977e+00
3.060405969619750977e+00
3.060405969619750977e+00
3.060405969619750977e+00
3.060405969619750977e+00
3.060405969619750977e+00
3.060405969619750977e+00
3.060405969619750977e+00
3.060405969619750977e+00
3.060405969619750977e+00
3.060405969619750977e+00
3.060405969619750977e+00
3.060405969619750977e+00
3.060405969619750977e+00
3.060405969619750977e+00
3.060405969619750977e+00
3.060405969619750977e+00
3.060405969619750977e+00
3.060405969619750977e+00
3.060405969619750977e+00
3.060405969619750977e+00
3.060405969619750977e+00
3.060405969619750977e+00
3.060405969619750977e+00
3.060405969619750977e+00
3.060405969619750977e+00
3.060405969619750977e+00
3.060405969619750977e+00
3.060405969619750977e+00
3.060405969619750977e+00
3.060405969619750977e+00
3.060405969619750977e+00
3.060405969619750977e+00
3.060405969619750977e+00
3.060405969619750977e+00
3.060405969619750977e+00
3.060405969619750977e+00
3.060405969619750977e+00
3.060405969619750977e+00
3.060405969619750977e+00
3.060405969619750977e+00
3.060405969619750977e+00
3.060405969619750977e+00
3.060405969619750977e+00
3.060405969619750977e+00
3.060405969619750977e+00
3.060405969619750977e+00
3.060405969619750977e+00
3.060405969619750977e+00
3.060405969619750977e+00
3.060405969619750977e+00
3.060405969619750977e+00
3.060405969619750977e+00
3.060405969619750977e+00
3.060405969619750977e+00
3.060405969619750977e+00
3.060405969619750977e+00
3.060405969619750977e+00
3.060405969619750977e+00
3.060405969619750977e+00
3.060405969619750977e+00
3.060405969619750977e+00
3.060405969619750977e+00
3.060405969619750977e+00
3.060405969619750977e+00
3.060405969619750977e+00
3.060405969619750977e+00
3.060405969619750977e+00
3.060405969619750977e+00
3.060405969619750977e+00
3.060405969619750977e+00
3.060405969619750977e+00
3.060405969619750977e+00
3.060405969619750977e+00
3.060405969619750977e+00
3.060405969619750977e+00
3.060405969619750977e+00
3.060405969619750977e+00
3.060405969619750977e+00
3.060405969619750977e+00
3.060405969619750977e+00
3.060405969619750977e+00
3.060405969619750977e+00
3.060405969619750977e+00
3.060405969619750977e+00
3.060405969619750977e+00
3.060405969619750977e+00
3.060405969619750977e+00
3.060405969619750977e+00
3.060405969619750977e+00
3.060405969619750977e+00
3.060405969619750977e+00
3.060405969619750977e+00
3.060405969619750977e+00
3.060405969619750977e+00
3.060405969619750977e+00
3.060405969619750977e+00
3.060405969619750977e+00
3.060405969619750977e+00
3.060405969619750977e+00
3.060405969619750977e+00
3.060405969619750977e+00
3.060405969619750977e+00
3.060405969619750977e+00
3.060405969619750977e+00
3.060405969619750977e+00
3.060405969619750977e+00
3.060405969619750977e+00
3.060405969619750977e+00
3.060405969619750977e+00
3.060405969619750977e+00
3.060405969619750977e+00
3.060405969619750977e+00
3.060405969619750977e+00
3.060405969619750977e+00
3.060405969619750977e+00
3.060405969619750977e+00
3.060405969619750977e+00
3.060405969619750977e+00
3.060405969619750977e+00
3.060405969619750977e+00
3.060405969619750977e+00
3.060405969619750977e+00
3.060405969619750977e+00
3.060405969619750977e+00
3.060405969619750977e+00
3.060405969619750977e+00
3.060405969619750977e+00
3.060405969619750977e+00
3.060405969619750977e+00
3.060405969619750977e+00
3.060405969619750977e+00
3.060405969619750977e+00
3.060405969619750977e+00
3.060405969619750977e+00
3.060405969619750977e+00
3.060405969619750977e+00
3.060405969619750977e+00
3.060405969619750977e+00
3.060405969619750977e+00
3.060405969619750977e+00
3.060405969619750977e+00
3.060405969619750977e+00
3.060405969619750977e+00
3.060405969619750977e+00
3.060405969619750977e+00
3.060405969619750977e+00
3.060405969619750977e+00
3.060405969619750977e+00
3.060405969619750977e+00
3.060405969619750977e+00
3.060405969619750977e+00
3.060405969619750977e+00
3.060405969619750977e+00
3.060405969619750977e+00
3.060405969619750977e+00
3.060405969619750977e+00
3.060405969619750977e+00
3.060405969619750977e+00
3.060405969619750977e+00
3.060405969619750977e+00
3.060405969619750977e+00
3.060405969619750977e+00
3.060405969619750977e+00
3.060405969619750977e+00
3.060405969619750977e+00
3.060405969619750977e+00
3.060405969619750977e+00
3.060405969619750977e+00
3.060405969619750977e+00
3.060405969619750977e+00
3.060405969619750977e+00
3.060405969619750977e+00
0.000000000000000000e+00
0.000000000000000000e+00
0.000000000000000000e+00
0.000000000000000000e+00
0.000000000000000000e+00
0.000000000000000000e+00
0.000000000000000000e+00
0.000000000000000000e+00
0.000000000000000000e+00
0.000000000000000000e+00
0.000000000000000000e+00
0.000000000000000000e+00
0.000000000000000000e+00
0.000000000000000000e+00
0.000000000000000000e+00
0.000000000000000000e+00
0.000000000000000000e+00
0.000000000000000000e+00
0.000000000000000000e+00
0.000000000000000000e+00
0.000000000000000000e+00
0.000000000000000000e+00
0.000000000000000000e+00
0.000000000000000000e+00
0.000000000000000000e+00
0.000000000000000000e+00
0.000000000000000000e+00
0.000000000000000000e+00
0.000000000000000000e+00
0.000000000000000000e+00
0.000000000000000000e+00
0.000000000000000000e+00
0.000000000000000000e+00
0.000000000000000000e+00
0.000000000000000000e+00
0.000000000000000000e+00
0.000000000000000000e+00
0.000000000000000000e+00
0.000000000000000000e+00
0.000000000000000000e+00
0.000000000000000000e+00
0.000000000000000000e+00
0.000000000000000000e+00
0.000000000000000000e+00
0.000000000000000000e+00
0.000000000000000000e+00
0.000000000000000000e+00
0.000000000000000000e+00
0.000000000000000000e+00
0.000000000000000000e+00
0.000000000000000000e+00
0.000000000000000000e+00
0.000000000000000000e+00
0.000000000000000000e+00
0.000000000000000000e+00
0.000000000000000000e+00
0.000000000000000000e+00
0.000000000000000000e+00
0.000000000000000000e+00
0.000000000000000000e+00
0.000000000000000000e+00
0.000000000000000000e+00
0.000000000000000000e+00
0.000000000000000000e+00
0.000000000000000000e+00
0.000000000000000000e+00
0.000000000000000000e+00
0.000000000000000000e+00
0.000000000000000000e+00
0.000000000000000000e+00
0.000000000000000000e+00
0.000000000000000000e+00
0.000000000000000000e+00
0.000000000000000000e+00
0.000000000000000000e+00
0.000000000000000000e+00
0.000000000000000000e+00
0.000000000000000000e+00
0.000000000000000000e+00
0.000000000000000000e+00
0.000000000000000000e+00
0.000000000000000000e+00
0.000000000000000000e+00
0.000000000000000000e+00
0.000000000000000000e+00
0.000000000000000000e+00
0.000000000000000000e+00
0.000000000000000000e+00
0.000000000000000000e+00
0.000000000000000000e+00
0.000000000000000000e+00
0.000000000000000000e+00
0.000000000000000000e+00
0.000000000000000000e+00
0.000000000000000000e+00
0.000000000000000000e+00
0.000000000000000000e+00
0.000000000000000000e+00
0.000000000000000000e+00
0.000000000000000000e+00
0.000000000000000000e+00
0.000000000000000000e+00
0.000000000000000000e+00
0.000000000000000000e+00
0.000000000000000000e+00
0.000000000000000000e+00
0.000000000000000000e+00
0.000000000000000000e+00
0.000000000000000000e+00
0.000000000000000000e+00
0.000000000000000000e+00
0.000000000000000000e+00
0.000000000000000000e+00
0.000000000000000000e+00
0.000000000000000000e+00
0.000000000000000000e+00
0.000000000000000000e+00
0.000000000000000000e+00
0.000000000000000000e+00
0.000000000000000000e+00
0.000000000000000000e+00
0.000000000000000000e+00
0.000000000000000000e+00
0.000000000000000000e+00
0.000000000000000000e+00
0.000000000000000000e+00
0.000000000000000000e+00
0.000000000000000000e+00
0.000000000000000000e+00
0.000000000000000000e+00
0.000000000000000000e+00
0.000000000000000000e+00
0.000000000000000000e+00
0.000000000000000000e+00
0.000000000000000000e+00
0.000000000000000000e+00
0.000000000000000000e+00
0.000000000000000000e+00
0.000000000000000000e+00
0.000000000000000000e+00
0.000000000000000000e+00
0.000000000000000000e+00
0.000000000000000000e+00
0.000000000000000000e+00
0.000000000000000000e+00
0.000000000000000000e+00
0.000000000000000000e+00
0.000000000000000000e+00
0.000000000000000000e+00
0.000000000000000000e+00
0.000000000000000000e+00
0.000000000000000000e+00
0.000000000000000000e+00
0.000000000000000000e+00
0.000000000000000000e+00
0.000000000000000000e+00
0.000000000000000000e+00
0.000000000000000000e+00
0.000000000000000000e+00
0.000000000000000000e+00
0.000000000000000000e+00
0.000000000000000000e+00
0.000000000000000000e+00
0.000000000000000000e+00
0.000000000000000000e+00
0.000000000000000000e+00
0.000000000000000000e+00
0.000000000000000000e+00
0.000000000000000000e+00
0.000000000000000000e+00
0.000000000000000000e+00
0.000000000000000000e+00
0.000000000000000000e+00
0.000000000000000000e+00
0.000000000000000000e+00
0.000000000000000000e+00
0.000000000000000000e+00
0.000000000000000000e+00
0.000000000000000000e+00
0.000000000000000000e+00
0.000000000000000000e+00
0.000000000000000000e+00
0.000000000000000000e+00
0.000000000000000000e+00
0.000000000000000000e+00
0.000000000000000000e+00
0.000000000000000000e+00
0.000000000000000000e+00
0.000000000000000000e+00
0.000000000000000000e+00
0.000000000000000000e+00
0.000000000000000000e+00
0.000000000000000000e+00
0.000000000000000000e+00
0.000000000000000000e+00
0.000000000000000000e+00
0.000000000000000000e+00
0.000000000000000000e+00
0.000000000000000000e+00
0.000000000000000000e+00
0.000000000000000000e+00
0.000000000000000000e+00
0.000000000000000000e+00
0.000000000000000000e+00
0.000000000000000000e+00
0.000000000000000000e+00
0.000000000000000000e+00
0.000000000000000000e+00
0.000000000000000000e+00
0.000000000000000000e+00
0.000000000000000000e+00
0.000000000000000000e+00
0.000000000000000000e+00
0.000000000000000000e+00
0.000000000000000000e+00
0.000000000000000000e+00
0.000000000000000000e+00
0.000000000000000000e+00
0.000000000000000000e+00
0.000000000000000000e+00
0.000000000000000000e+00
0.000000000000000000e+00
0.000000000000000000e+00
0.000000000000000000e+00
0.000000000000000000e+00
0.000000000000000000e+00
0.000000000000000000e+00
0.000000000000000000e+00
0.000000000000000000e+00
0.000000000000000000e+00
0.000000000000000000e+00
0.000000000000000000e+00
0.000000000000000000e+00
0.000000000000000000e+00
0.000000000000000000e+00
0.000000000000000000e+00
0.000000000000000000e+00
0.000000000000000000e+00
0.000000000000000000e+00
0.000000000000000000e+00
0.000000000000000000e+00
0.000000000000000000e+00
0.000000000000000000e+00
0.000000000000000000e+00
0.000000000000000000e+00
0.000000000000000000e+00
0.000000000000000000e+00
0.000000000000000000e+00
0.000000000000000000e+00
0.000000000000000000e+00
0.000000000000000000e+00
0.000000000000000000e+00
0.000000000000000000e+00
0.000000000000000000e+00
0.000000000000000000e+00
0.000000000000000000e+00
0.000000000000000000e+00
0.000000000000000000e+00
0.000000000000000000e+00
0.000000000000000000e+00
0.000000000000000000e+00
0.000000000000000000e+00
0.000000000000000000e+00
0.000000000000000000e+00
0.000000000000000000e+00
0.000000000000000000e+00
0.000000000000000000e+00
0.000000000000000000e+00
0.000000000000000000e+00
0.000000000000000000e+00
0.000000000000000000e+00
0.000000000000000000e+00
0.000000000000000000e+00
0.000000000000000000e+00
0.000000000000000000e+00
0.000000000000000000e+00
0.000000000000000000e+00
0.000000000000000000e+00
0.000000000000000000e+00
0.000000000000000000e+00
0.000000000000000000e+00
0.000000000000000000e+00
0.000000000000000000e+00
0.000000000000000000e+00
0.000000000000000000e+00
0.000000000000000000e+00
0.000000000000000000e+00
0.000000000000000000e+00
0.000000000000000000e+00
0.000000000000000000e+00
0.000000000000000000e+00
0.000000000000000000e+00
0.000000000000000000e+00
0.000000000000000000e+00
0.000000000000000000e+00
0.000000000000000000e+00
0.000000000000000000e+00
0.000000000000000000e+00
0.000000000000000000e+00
0.000000000000000000e+00
0.000000000000000000e+00
0.000000000000000000e+00
0.000000000000000000e+00
0.000000000000000000e+00
0.000000000000000000e+00
0.000000000000000000e+00
0.000000000000000000e+00
0.000000000000000000e+00
0.000000000000000000e+00
0.000000000000000000e+00
0.000000000000000000e+00
0.000000000000000000e+00
0.000000000000000000e+00
0.000000000000000000e+00
0.000000000000000000e+00
0.000000000000000000e+00
0.000000000000000000e+00
0.000000000000000000e+00
0.000000000000000000e+00
0.000000000000000000e+00
0.000000000000000000e+00
0.000000000000000000e+00
0.000000000000000000e+00
0.000000000000000000e+00
0.000000000000000000e+00
0.000000000000000000e+00
0.000000000000000000e+00
0.000000000000000000e+00
0.000000000000000000e+00
0.000000000000000000e+00
0.000000000000000000e+00
0.000000000000000000e+00
0.000000000000000000e+00
0.000000000000000000e+00
0.000000000000000000e+00
0.000000000000000000e+00
0.000000000000000000e+00
0.000000000000000000e+00
0.000000000000000000e+00
0.000000000000000000e+00
0.000000000000000000e+00
0.000000000000000000e+00
0.000000000000000000e+00
0.000000000000000000e+00
0.000000000000000000e+00
0.000000000000000000e+00
0.000000000000000000e+00
0.000000000000000000e+00
0.000000000000000000e+00
0.000000000000000000e+00
0.000000000000000000e+00
0.000000000000000000e+00
0.000000000000000000e+00
0.000000000000000000e+00
0.000000000000000000e+00
0.000000000000000000e+00
0.000000000000000000e+00
0.000000000000000000e+00
0.000000000000000000e+00
0.000000000000000000e+00
0.000000000000000000e+00
0.000000000000000000e+00
0.000000000000000000e+00
0.000000000000000000e+00
0.000000000000000000e+00
0.000000000000000000e+00
0.000000000000000000e+00
0.000000000000000000e+00
0.000000000000000000e+00
0.000000000000000000e+00
0.000000000000000000e+00
0.000000000000000000e+00
0.000000000000000000e+00
0.000000000000000000e+00
0.000000000000000000e+00
0.000000000000000000e+00
0.000000000000000000e+00
0.000000000000000000e+00
0.000000000000000000e+00
0.000000000000000000e+00
0.000000000000000000e+00
0.000000000000000000e+00
0.000000000000000000e+00
0.000000000000000000e+00
0.000000000000000000e+00
0.000000000000000000e+00
0.000000000000000000e+00
0.000000000000000000e+00
0.000000000000000000e+00
0.000000000000000000e+00
0.000000000000000000e+00
0.000000000000000000e+00
0.000000000000000000e+00
0.000000000000000000e+00
0.000000000000000000e+00
0.000000000000000000e+00
0.000000000000000000e+00
0.000000000000000000e+00
0.000000000000000000e+00
0.000000000000000000e+00
0.000000000000000000e+00
0.000000000000000000e+00
0.000000000000000000e+00
0.000000000000000000e+00
0.000000000000000000e+00
0.000000000000000000e+00
0.000000000000000000e+00
0.000000000000000000e+00
0.000000000000000000e+00
0.000000000000000000e+00
0.000000000000000000e+00
0.000000000000000000e+00
0.000000000000000000e+00
0.000000000000000000e+00
0.000000000000000000e+00
0.000000000000000000e+00
0.000000000000000000e+00
0.000000000000000000e+00
0.000000000000000000e+00
0.000000000000000000e+00
0.000000000000000000e+00
0.000000000000000000e+00
0.000000000000000000e+00
0.000000000000000000e+00
0.000000000000000000e+00
0.000000000000000000e+00
0.000000000000000000e+00
0.000000000000000000e+00
0.000000000000000000e+00
0.000000000000000000e+00
0.000000000000000000e+00
0.000000000000000000e+00
0.000000000000000000e+00
0.000000000000000000e+00
0.000000000000000000e+00
0.000000000000000000e+00
0.000000000000000000e+00
0.000000000000000000e+00
0.000000000000000000e+00
0.000000000000000000e+00
0.000000000000000000e+00
0.000000000000000000e+00
0.000000000000000000e+00
0.000000000000000000e+00
0.000000000000000000e+00
0.000000000000000000e+00
0.000000000000000000e+00
0.000000000000000000e+00
0.000000000000000000e+00
0.000000000000000000e+00
0.000000000000000000e+00
0.000000000000000000e+00
0.000000000000000000e+00
0.000000000000000000e+00
0.000000000000000000e+00
0.000000000000000000e+00
0.000000000000000000e+00
0.000000000000000000e+00
0.000000000000000000e+00
0.000000000000000000e+00
0.000000000000000000e+00
0.000000000000000000e+00
0.000000000000000000e+00
0.000000000000000000e+00
0.000000000000000000e+00
0.000000000000000000e+00
0.000000000000000000e+00
0.000000000000000000e+00
0.000000000000000000e+00
0.000000000000000000e+00
0.000000000000000000e+00
0.000000000000000000e+00
0.000000000000000000e+00
0.000000000000000000e+00
0.000000000000000000e+00
0.000000000000000000e+00
0.000000000000000000e+00
0.000000000000000000e+00
0.000000000000000000e+00
0.000000000000000000e+00
0.000000000000000000e+00
0.000000000000000000e+00
0.000000000000000000e+00
0.000000000000000000e+00
0.000000000000000000e+00
0.000000000000000000e+00
0.000000000000000000e+00
0.000000000000000000e+00
0.000000000000000000e+00
0.000000000000000000e+00
0.000000000000000000e+00
0.000000000000000000e+00
0.000000000000000000e+00
0.000000000000000000e+00
0.000000000000000000e+00
0.000000000000000000e+00
0.000000000000000000e+00
0.000000000000000000e+00
0.000000000000000000e+00
0.000000000000000000e+00
0.000000000000000000e+00
0.000000000000000000e+00
0.000000000000000000e+00
0.000000000000000000e+00
0.000000000000000000e+00
0.000000000000000000e+00
0.000000000000000000e+00
0.000000000000000000e+00
0.000000000000000000e+00
0.000000000000000000e+00
0.000000000000000000e+00
0.000000000000000000e+00
0.000000000000000000e+00
0.000000000000000000e+00
0.000000000000000000e+00
0.000000000000000000e+00
0.000000000000000000e+00
0.000000000000000000e+00
0.000000000000000000e+00
0.000000000000000000e+00
0.000000000000000000e+00
0.000000000000000000e+00
0.000000000000000000e+00
0.000000000000000000e+00
0.000000000000000000e+00
0.000000000000000000e+00
0.000000000000000000e+00
0.000000000000000000e+00
0.000000000000000000e+00
0.000000000000000000e+00
0.000000000000000000e+00
0.000000000000000000e+00
0.000000000000000000e+00
0.000000000000000000e+00
0.000000000000000000e+00
0.000000000000000000e+00
0.000000000000000000e+00
0.000000000000000000e+00
0.000000000000000000e+00
0.000000000000000000e+00
0.000000000000000000e+00
0.000000000000000000e+00
0.000000000000000000e+00
0.000000000000000000e+00
0.000000000000000000e+00
0.000000000000000000e+00
0.000000000000000000e+00
0.000000000000000000e+00
0.000000000000000000e+00
0.000000000000000000e+00
0.000000000000000000e+00
0.000000000000000000e+00
0.000000000000000000e+00
0.000000000000000000e+00
0.000000000000000000e+00
0.000000000000000000e+00
0.000000000000000000e+00
0.000000000000000000e+00
0.000000000000000000e+00
0.000000000000000000e+00
0.000000000000000000e+00
0.000000000000000000e+00
0.000000000000000000e+00
0.000000000000000000e+00
0.000000000000000000e+00
0.000000000000000000e+00
0.000000000000000000e+00
0.000000000000000000e+00
0.000000000000000000e+00
0.000000000000000000e+00
0.000000000000000000e+00
0.000000000000000000e+00
0.000000000000000000e+00
0.000000000000000000e+00
0.000000000000000000e+00
0.000000000000000000e+00
0.000000000000000000e+00
0.000000000000000000e+00
0.000000000000000000e+00
0.000000000000000000e+00
0.000000000000000000e+00
0.000000000000000000e+00
0.000000000000000000e+00
0.000000000000000000e+00
0.000000000000000000e+00
0.000000000000000000e+00
0.000000000000000000e+00
0.000000000000000000e+00
0.000000000000000000e+00
0.000000000000000000e+00
0.000000000000000000e+00
0.000000000000000000e+00
0.000000000000000000e+00
0.000000000000000000e+00
0.000000000000000000e+00
0.000000000000000000e+00
0.000000000000000000e+00
0.000000000000000000e+00
0.000000000000000000e+00
0.000000000000000000e+00
0.000000000000000000e+00
0.000000000000000000e+00
0.000000000000000000e+00
0.000000000000000000e+00
0.000000000000000000e+00
0.000000000000000000e+00
0.000000000000000000e+00
0.000000000000000000e+00
0.000000000000000000e+00
0.000000000000000000e+00
0.000000000000000000e+00
0.000000000000000000e+00
0.000000000000000000e+00
0.000000000000000000e+00
0.000000000000000000e+00
0.000000000000000000e+00
0.000000000000000000e+00
0.000000000000000000e+00
0.000000000000000000e+00
0.000000000000000000e+00
0.000000000000000000e+00
0.000000000000000000e+00
0.000000000000000000e+00
0.000000000000000000e+00
0.000000000000000000e+00
0.000000000000000000e+00
0.000000000000000000e+00
0.000000000000000000e+00
0.000000000000000000e+00
0.000000000000000000e+00
0.000000000000000000e+00
0.000000000000000000e+00
0.000000000000000000e+00
0.000000000000000000e+00
0.000000000000000000e+00
0.000000000000000000e+00
0.000000000000000000e+00
0.000000000000000000e+00
0.000000000000000000e+00
0.000000000000000000e+00
0.000000000000000000e+00
0.000000000000000000e+00
0.000000000000000000e+00
0.000000000000000000e+00
0.000000000000000000e+00
0.000000000000000000e+00
0.000000000000000000e+00
0.000000000000000000e+00
0.000000000000000000e+00
0.000000000000000000e+00
0.000000000000000000e+00
0.000000000000000000e+00
0.000000000000000000e+00
0.000000000000000000e+00
0.000000000000000000e+00
0.000000000000000000e+00
0.000000000000000000e+00
0.000000000000000000e+00
0.000000000000000000e+00
0.000000000000000000e+00
0.000000000000000000e+00
0.000000000000000000e+00
0.000000000000000000e+00
0.000000000000000000e+00
0.000000000000000000e+00
0.000000000000000000e+00
0.000000000000000000e+00
0.000000000000000000e+00
0.000000000000000000e+00
0.000000000000000000e+00
0.000000000000000000e+00
0.000000000000000000e+00
0.000000000000000000e+00
0.000000000000000000e+00
0.000000000000000000e+00
0.000000000000000000e+00
0.000000000000000000e+00
0.000000000000000000e+00
0.000000000000000000e+00
0.000000000000000000e+00
0.000000000000000000e+00
0.000000000000000000e+00
0.000000000000000000e+00
0.000000000000000000e+00
0.000000000000000000e+00
0.000000000000000000e+00
0.000000000000000000e+00
0.000000000000000000e+00
0.000000000000000000e+00
0.000000000000000000e+00
0.000000000000000000e+00
0.000000000000000000e+00
0.000000000000000000e+00
0.000000000000000000e+00
0.000000000000000000e+00
0.000000000000000000e+00
0.000000000000000000e+00
0.000000000000000000e+00
0.000000000000000000e+00
0.000000000000000000e+00
0.000000000000000000e+00
0.000000000000000000e+00
0.000000000000000000e+00
0.000000000000000000e+00
0.000000000000000000e+00
0.000000000000000000e+00
0.000000000000000000e+00
0.000000000000000000e+00
0.000000000000000000e+00
0.000000000000000000e+00
0.000000000000000000e+00
0.000000000000000000e+00
0.000000000000000000e+00
0.000000000000000000e+00
0.000000000000000000e+00
0.000000000000000000e+00
0.000000000000000000e+00
0.000000000000000000e+00
0.000000000000000000e+00
0.000000000000000000e+00
0.000000000000000000e+00
0.000000000000000000e+00
0.000000000000000000e+00
0.000000000000000000e+00
0.000000000000000000e+00
0.000000000000000000e+00
0.000000000000000000e+00
0.000000000000000000e+00
0.000000000000000000e+00
0.000000000000000000e+00
0.000000000000000000e+00
0.000000000000000000e+00
0.000000000000000000e+00
0.000000000000000000e+00
0.000000000000000000e+00
0.000000000000000000e+00
0.000000000000000000e+00
0.000000000000000000e+00
0.000000000000000000e+00
0.000000000000000000e+00
0.000000000000000000e+00
0.000000000000000000e+00
0.000000000000000000e+00
0.000000000000000000e+00
0.000000000000000000e+00
0.000000000000000000e+00
0.000000000000000000e+00
0.000000000000000000e+00
0.000000000000000000e+00
0.000000000000000000e+00
0.000000000000000000e+00
0.000000000000000000e+00
0.000000000000000000e+00
0.000000000000000000e+00
0.000000000000000000e+00
0.000000000000000000e+00
0.000000000000000000e+00
0.000000000000000000e+00
0.000000000000000000e+00
0.000000000000000000e+00
0.000000000000000000e+00
0.000000000000000000e+00
0.000000000000000000e+00
0.000000000000000000e+00
0.000000000000000000e+00
0.000000000000000000e+00
0.000000000000000000e+00
0.000000000000000000e+00
0.000000000000000000e+00
0.000000000000000000e+00
0.000000000000000000e+00
0.000000000000000000e+00
0.000000000000000000e+00
0.000000000000000000e+00
0.000000000000000000e+00
0.000000000000000000e+00
0.000000000000000000e+00
0.000000000000000000e+00
0.000000000000000000e+00
0.000000000000000000e+00
0.000000000000000000e+00
0.000000000000000000e+00
0.000000000000000000e+00
0.000000000000000000e+00
0.000000000000000000e+00
0.000000000000000000e+00
0.000000000000000000e+00
0.000000000000000000e+00
0.000000000000000000e+00
0.000000000000000000e+00
0.000000000000000000e+00
0.000000000000000000e+00
0.000000000000000000e+00
0.000000000000000000e+00
0.000000000000000000e+00
0.000000000000000000e+00
0.000000000000000000e+00
0.000000000000000000e+00
0.000000000000000000e+00
0.000000000000000000e+00
0.000000000000000000e+00
0.000000000000000000e+00
0.000000000000000000e+00
0.000000000000000000e+00
0.000000000000000000e+00
0.000000000000000000e+00
0.000000000000000000e+00
0.000000000000000000e+00
0.000000000000000000e+00
0.000000000000000000e+00
0.000000000000000000e+00
0.000000000000000000e+00
0.000000000000000000e+00
0.000000000000000000e+00
0.000000000000000000e+00
0.000000000000000000e+00
0.000000000000000000e+00
0.000000000000000000e+00
0.000000000000000000e+00
0.000000000000000000e+00
0.000000000000000000e+00
0.000000000000000000e+00
0.000000000000000000e+00
0.000000000000000000e+00
0.000000000000000000e+00
0.000000000000000000e+00
0.000000000000000000e+00
0.000000000000000000e+00
0.000000000000000000e+00
0.000000000000000000e+00
0.000000000000000000e+00
0.000000000000000000e+00
0.000000000000000000e+00
0.000000000000000000e+00
0.000000000000000000e+00
0.000000000000000000e+00
0.000000000000000000e+00
0.000000000000000000e+00
0.000000000000000000e+00
0.000000000000000000e+00
0.000000000000000000e+00
0.000000000000000000e+00
0.000000000000000000e+00
0.000000000000000000e+00
0.000000000000000000e+00
0.000000000000000000e+00
0.000000000000000000e+00
0.000000000000000000e+00
0.000000000000000000e+00
0.000000000000000000e+00
0.000000000000000000e+00
0.000000000000000000e+00
0.000000000000000000e+00
0.000000000000000000e+00
0.000000000000000000e+00
0.000000000000000000e+00
0.000000000000000000e+00
0.000000000000000000e+00
0.000000000000000000e+00
0.000000000000000000e+00
0.000000000000000000e+00
0.000000000000000000e+00
0.000000000000000000e+00
0.000000000000000000e+00
0.000000000000000000e+00
0.000000000000000000e+00
0.000000000000000000e+00
0.000000000000000000e+00
0.000000000000000000e+00
0.000000000000000000e+00
0.000000000000000000e+00
0.000000000000000000e+00
0.000000000000000000e+00
0.000000000000000000e+00
0.000000000000000000e+00
0.000000000000000000e+00
0.000000000000000000e+00
0.000000000000000000e+00
0.000000000000000000e+00
0.000000000000000000e+00
0.000000000000000000e+00
0.000000000000000000e+00
0.000000000000000000e+00
0.000000000000000000e+00
0.000000000000000000e+00
0.000000000000000000e+00
0.000000000000000000e+00
0.000000000000000000e+00
0.000000000000000000e+00
0.000000000000000000e+00
0.000000000000000000e+00
0.000000000000000000e+00
0.000000000000000000e+00
0.000000000000000000e+00
0.000000000000000000e+00
0.000000000000000000e+00
0.000000000000000000e+00
0.000000000000000000e+00
0.000000000000000000e+00
0.000000000000000000e+00
0.000000000000000000e+00
0.000000000000000000e+00
0.000000000000000000e+00
0.000000000000000000e+00
0.000000000000000000e+00
0.000000000000000000e+00
0.000000000000000000e+00
0.000000000000000000e+00
0.000000000000000000e+00
0.000000000000000000e+00
0.000000000000000000e+00
0.000000000000000000e+00
0.000000000000000000e+00
0.000000000000000000e+00
0.000000000000000000e+00
0.000000000000000000e+00
0.000000000000000000e+00
0.000000000000000000e+00
0.000000000000000000e+00
0.000000000000000000e+00
0.000000000000000000e+00
0.000000000000000000e+00
0.000000000000000000e+00
0.000000000000000000e+00
0.000000000000000000e+00
0.000000000000000000e+00
0.000000000000000000e+00
0.000000000000000000e+00
0.000000000000000000e+00
0.000000000000000000e+00
0.000000000000000000e+00
0.000000000000000000e+00
0.000000000000000000e+00
0.000000000000000000e+00
0.000000000000000000e+00
0.000000000000000000e+00
0.000000000000000000e+00
0.000000000000000000e+00
0.000000000000000000e+00
0.000000000000000000e+00
0.000000000000000000e+00
0.000000000000000000e+00
0.000000000000000000e+00
0.000000000000000000e+00
0.000000000000000000e+00
0.000000000000000000e+00
0.000000000000000000e+00
0.000000000000000000e+00
0.000000000000000000e+00
0.000000000000000000e+00
0.000000000000000000e+00
0.000000000000000000e+00
0.000000000000000000e+00
0.000000000000000000e+00
0.000000000000000000e+00
0.000000000000000000e+00
0.000000000000000000e+00
0.000000000000000000e+00
0.000000000000000000e+00
0.000000000000000000e+00
0.000000000000000000e+00
0.000000000000000000e+00
0.000000000000000000e+00
0.000000000000000000e+00
0.000000000000000000e+00
0.000000000000000000e+00
0.000000000000000000e+00
0.000000000000000000e+00
0.000000000000000000e+00
0.000000000000000000e+00
0.000000000000000000e+00
0.000000000000000000e+00
0.000000000000000000e+00
0.000000000000000000e+00
0.000000000000000000e+00
0.000000000000000000e+00
0.000000000000000000e+00
0.000000000000000000e+00
0.000000000000000000e+00
0.000000000000000000e+00
0.000000000000000000e+00
0.000000000000000000e+00
0.000000000000000000e+00
0.000000000000000000e+00
0.000000000000000000e+00
0.000000000000000000e+00
0.000000000000000000e+00
0.000000000000000000e+00
0.000000000000000000e+00
0.000000000000000000e+00
0.000000000000000000e+00
0.000000000000000000e+00
0.000000000000000000e+00
0.000000000000000000e+00
0.000000000000000000e+00
0.000000000000000000e+00
0.000000000000000000e+00
0.000000000000000000e+00
0.000000000000000000e+00
0.000000000000000000e+00
0.000000000000000000e+00
0.000000000000000000e+00
0.000000000000000000e+00
0.000000000000000000e+00
0.000000000000000000e+00
0.000000000000000000e+00
0.000000000000000000e+00
0.000000000000000000e+00
0.000000000000000000e+00
0.000000000000000000e+00
0.000000000000000000e+00
0.000000000000000000e+00
0.000000000000000000e+00
0.000000000000000000e+00
0.000000000000000000e+00
0.000000000000000000e+00
0.000000000000000000e+00
0.000000000000000000e+00
0.000000000000000000e+00
0.000000000000000000e+00
0.000000000000000000e+00
0.000000000000000000e+00
0.000000000000000000e+00
0.000000000000000000e+00
0.000000000000000000e+00
0.000000000000000000e+00
0.000000000000000000e+00
0.000000000000000000e+00
0.000000000000000000e+00
0.000000000000000000e+00
0.000000000000000000e+00
0.000000000000000000e+00
0.000000000000000000e+00
0.000000000000000000e+00
0.000000000000000000e+00
0.000000000000000000e+00
0.000000000000000000e+00
0.000000000000000000e+00
0.000000000000000000e+00
0.000000000000000000e+00
0.000000000000000000e+00
0.000000000000000000e+00
0.000000000000000000e+00
0.000000000000000000e+00
0.000000000000000000e+00
0.000000000000000000e+00
0.000000000000000000e+00
0.000000000000000000e+00
0.000000000000000000e+00
0.000000000000000000e+00
0.000000000000000000e+00
0.000000000000000000e+00
0.000000000000000000e+00
0.000000000000000000e+00
0.000000000000000000e+00
0.000000000000000000e+00
0.000000000000000000e+00
0.000000000000000000e+00
0.000000000000000000e+00
0.000000000000000000e+00
0.000000000000000000e+00
0.000000000000000000e+00
0.000000000000000000e+00
0.000000000000000000e+00
0.000000000000000000e+00
0.000000000000000000e+00
0.000000000000000000e+00
0.000000000000000000e+00
0.000000000000000000e+00
0.000000000000000000e+00
0.000000000000000000e+00
0.000000000000000000e+00
0.000000000000000000e+00
0.000000000000000000e+00
0.000000000000000000e+00
0.000000000000000000e+00
0.000000000000000000e+00
0.000000000000000000e+00
0.000000000000000000e+00
0.000000000000000000e+00
0.000000000000000000e+00
0.000000000000000000e+00
0.000000000000000000e+00
0.000000000000000000e+00
0.000000000000000000e+00
0.000000000000000000e+00
0.000000000000000000e+00
0.000000000000000000e+00
0.000000000000000000e+00
0.000000000000000000e+00
0.000000000000000000e+00
0.000000000000000000e+00
0.000000000000000000e+00
0.000000000000000000e+00
0.000000000000000000e+00
0.000000000000000000e+00
0.000000000000000000e+00
0.000000000000000000e+00
0.000000000000000000e+00
0.000000000000000000e+00
0.000000000000000000e+00
0.000000000000000000e+00
0.000000000000000000e+00
0.000000000000000000e+00
0.000000000000000000e+00
0.000000000000000000e+00
0.000000000000000000e+00
0.000000000000000000e+00
0.000000000000000000e+00
0.000000000000000000e+00
0.000000000000000000e+00
0.000000000000000000e+00
0.000000000000000000e+00
0.000000000000000000e+00
0.000000000000000000e+00
0.000000000000000000e+00
0.000000000000000000e+00
0.000000000000000000e+00
0.000000000000000000e+00
0.000000000000000000e+00
0.000000000000000000e+00
0.000000000000000000e+00
0.000000000000000000e+00
0.000000000000000000e+00
0.000000000000000000e+00
0.000000000000000000e+00
0.000000000000000000e+00
0.000000000000000000e+00
0.000000000000000000e+00
0.000000000000000000e+00
0.000000000000000000e+00
0.000000000000000000e+00
0.000000000000000000e+00
0.000000000000000000e+00
0.000000000000000000e+00
0.000000000000000000e+00
0.000000000000000000e+00
0.000000000000000000e+00
0.000000000000000000e+00
0.000000000000000000e+00
0.000000000000000000e+00
0.000000000000000000e+00
0.000000000000000000e+00
0.000000000000000000e+00
0.000000000000000000e+00
0.000000000000000000e+00
0.000000000000000000e+00
0.000000000000000000e+00
0.000000000000000000e+00
0.000000000000000000e+00
0.000000000000000000e+00
0.000000000000000000e+00
0.000000000000000000e+00
0.000000000000000000e+00
0.000000000000000000e+00
0.000000000000000000e+00
0.000000000000000000e+00
0.000000000000000000e+00
0.000000000000000000e+00
0.000000000000000000e+00
0.000000000000000000e+00
0.000000000000000000e+00
0.000000000000000000e+00
0.000000000000000000e+00
0.000000000000000000e+00
0.000000000000000000e+00
0.000000000000000000e+00
0.000000000000000000e+00
0.000000000000000000e+00
0.000000000000000000e+00
0.000000000000000000e+00
0.000000000000000000e+00
0.000000000000000000e+00
0.000000000000000000e+00
0.000000000000000000e+00
0.000000000000000000e+00
0.000000000000000000e+00
0.000000000000000000e+00
0.000000000000000000e+00
0.000000000000000000e+00
0.000000000000000000e+00
0.000000000000000000e+00
0.000000000000000000e+00
0.000000000000000000e+00
0.000000000000000000e+00
0.000000000000000000e+00
0.000000000000000000e+00
0.000000000000000000e+00
0.000000000000000000e+00
0.000000000000000000e+00
0.000000000000000000e+00
0.000000000000000000e+00
0.000000000000000000e+00
0.000000000000000000e+00
0.000000000000000000e+00
0.000000000000000000e+00
0.000000000000000000e+00
0.000000000000000000e+00
0.000000000000000000e+00
0.000000000000000000e+00
0.000000000000000000e+00
0.000000000000000000e+00
0.000000000000000000e+00
0.000000000000000000e+00
0.000000000000000000e+00
0.000000000000000000e+00
0.000000000000000000e+00
0.000000000000000000e+00
0.000000000000000000e+00
0.000000000000000000e+00
0.000000000000000000e+00
0.000000000000000000e+00
0.000000000000000000e+00
0.000000000000000000e+00
0.000000000000000000e+00
0.000000000000000000e+00
0.000000000000000000e+00
0.000000000000000000e+00
0.000000000000000000e+00
0.000000000000000000e+00
0.000000000000000000e+00
0.000000000000000000e+00
0.000000000000000000e+00
0.000000000000000000e+00
0.000000000000000000e+00
0.000000000000000000e+00
0.000000000000000000e+00
0.000000000000000000e+00
0.000000000000000000e+00
0.000000000000000000e+00
0.000000000000000000e+00
0.000000000000000000e+00
0.000000000000000000e+00
0.000000000000000000e+00
0.000000000000000000e+00
0.000000000000000000e+00
0.000000000000000000e+00
0.000000000000000000e+00
0.000000000000000000e+00
0.000000000000000000e+00
0.000000000000000000e+00
0.000000000000000000e+00
0.000000000000000000e+00
0.000000000000000000e+00
0.000000000000000000e+00
0.000000000000000000e+00
0.000000000000000000e+00
0.000000000000000000e+00
0.000000000000000000e+00
0.000000000000000000e+00
0.000000000000000000e+00
0.000000000000000000e+00
0.000000000000000000e+00
0.000000000000000000e+00
0.000000000000000000e+00
0.000000000000000000e+00
0.000000000000000000e+00
0.000000000000000000e+00
0.000000000000000000e+00
0.000000000000000000e+00
0.000000000000000000e+00
0.000000000000000000e+00
0.000000000000000000e+00
0.000000000000000000e+00
0.000000000000000000e+00
0.000000000000000000e+00
0.000000000000000000e+00
0.000000000000000000e+00
0.000000000000000000e+00
0.000000000000000000e+00
0.000000000000000000e+00
0.000000000000000000e+00
0.000000000000000000e+00
0.000000000000000000e+00
0.000000000000000000e+00
0.000000000000000000e+00
0.000000000000000000e+00
0.000000000000000000e+00
0.000000000000000000e+00
0.000000000000000000e+00
0.000000000000000000e+00
0.000000000000000000e+00
0.000000000000000000e+00
0.000000000000000000e+00
0.000000000000000000e+00
0.000000000000000000e+00
0.000000000000000000e+00
0.000000000000000000e+00
0.000000000000000000e+00
0.000000000000000000e+00
0.000000000000000000e+00
0.000000000000000000e+00
0.000000000000000000e+00
0.000000000000000000e+00
0.000000000000000000e+00
0.000000000000000000e+00
0.000000000000000000e+00
0.000000000000000000e+00
0.000000000000000000e+00
0.000000000000000000e+00
0.000000000000000000e+00
0.000000000000000000e+00
0.000000000000000000e+00
0.000000000000000000e+00
0.000000000000000000e+00
0.000000000000000000e+00
0.000000000000000000e+00
0.000000000000000000e+00
0.000000000000000000e+00
0.000000000000000000e+00
0.000000000000000000e+00
0.000000000000000000e+00
0.000000000000000000e+00
0.000000000000000000e+00
0.000000000000000000e+00
0.000000000000000000e+00
0.000000000000000000e+00
0.000000000000000000e+00
0.000000000000000000e+00
0.000000000000000000e+00
0.000000000000000000e+00
0.000000000000000000e+00
0.000000000000000000e+00
0.000000000000000000e+00
0.000000000000000000e+00
0.000000000000000000e+00
0.000000000000000000e+00
0.000000000000000000e+00
0.000000000000000000e+00
0.000000000000000000e+00
0.000000000000000000e+00
0.000000000000000000e+00
0.000000000000000000e+00
0.000000000000000000e+00
0.000000000000000000e+00
0.000000000000000000e+00
0.000000000000000000e+00
0.000000000000000000e+00
0.000000000000000000e+00
0.000000000000000000e+00
0.000000000000000000e+00
0.000000000000000000e+00
0.000000000000000000e+00
0.000000000000000000e+00
0.000000000000000000e+00
0.000000000000000000e+00
0.000000000000000000e+00
0.000000000000000000e+00
0.000000000000000000e+00
0.000000000000000000e+00
0.000000000000000000e+00
0.000000000000000000e+00
0.000000000000000000e+00
0.000000000000000000e+00
0.000000000000000000e+00
0.000000000000000000e+00
0.000000000000000000e+00
0.000000000000000000e+00
0.000000000000000000e+00
0.000000000000000000e+00
0.000000000000000000e+00
0.000000000000000000e+00
0.000000000000000000e+00
0.000000000000000000e+00
0.000000000000000000e+00
0.000000000000000000e+00
0.000000000000000000e+00
0.000000000000000000e+00
0.000000000000000000e+00
0.000000000000000000e+00
0.000000000000000000e+00
0.000000000000000000e+00
0.000000000000000000e+00
0.000000000000000000e+00
0.000000000000000000e+00
0.000000000000000000e+00
0.000000000000000000e+00
0.000000000000000000e+00
0.000000000000000000e+00
0.000000000000000000e+00
0.000000000000000000e+00
0.000000000000000000e+00
0.000000000000000000e+00
0.000000000000000000e+00
0.000000000000000000e+00
0.000000000000000000e+00
0.000000000000000000e+00
0.000000000000000000e+00
0.000000000000000000e+00
0.000000000000000000e+00
0.000000000000000000e+00
0.000000000000000000e+00
0.000000000000000000e+00
0.000000000000000000e+00
0.000000000000000000e+00
0.000000000000000000e+00
0.000000000000000000e+00
0.000000000000000000e+00
0.000000000000000000e+00
0.000000000000000000e+00
0.000000000000000000e+00
0.000000000000000000e+00
0.000000000000000000e+00
0.000000000000000000e+00
0.000000000000000000e+00
0.000000000000000000e+00
0.000000000000000000e+00
0.000000000000000000e+00
0.000000000000000000e+00
0.000000000000000000e+00
0.000000000000000000e+00
0.000000000000000000e+00
0.000000000000000000e+00
0.000000000000000000e+00
0.000000000000000000e+00
0.000000000000000000e+00
0.000000000000000000e+00
0.000000000000000000e+00
0.000000000000000000e+00
0.000000000000000000e+00
0.000000000000000000e+00
0.000000000000000000e+00
0.000000000000000000e+00
0.000000000000000000e+00
0.000000000000000000e+00
0.000000000000000000e+00
0.000000000000000000e+00
0.000000000000000000e+00
0.000000000000000000e+00
0.000000000000000000e+00
0.000000000000000000e+00
0.000000000000000000e+00
0.000000000000000000e+00
0.000000000000000000e+00
0.000000000000000000e+00
0.000000000000000000e+00
0.000000000000000000e+00
0.000000000000000000e+00
0.000000000000000000e+00
0.000000000000000000e+00
0.000000000000000000e+00
0.000000000000000000e+00
0.000000000000000000e+00
0.000000000000000000e+00
0.000000000000000000e+00
0.000000000000000000e+00
0.000000000000000000e+00
0.000000000000000000e+00
0.000000000000000000e+00
0.000000000000000000e+00
0.000000000000000000e+00
0.000000000000000000e+00
0.000000000000000000e+00
0.000000000000000000e+00
0.000000000000000000e+00
0.000000000000000000e+00
0.000000000000000000e+00
0.000000000000000000e+00
0.000000000000000000e+00
0.000000000000000000e+00
0.000000000000000000e+00
0.000000000000000000e+00
0.000000000000000000e+00
0.000000000000000000e+00
0.000000000000000000e+00
0.000000000000000000e+00
0.000000000000000000e+00
0.000000000000000000e+00
0.000000000000000000e+00
0.000000000000000000e+00
0.000000000000000000e+00
0.000000000000000000e+00
0.000000000000000000e+00
0.000000000000000000e+00
0.000000000000000000e+00
0.000000000000000000e+00
0.000000000000000000e+00
0.000000000000000000e+00
0.000000000000000000e+00
0.000000000000000000e+00
0.000000000000000000e+00
0.000000000000000000e+00
0.000000000000000000e+00
0.000000000000000000e+00
0.000000000000000000e+00
0.000000000000000000e+00
0.000000000000000000e+00
0.000000000000000000e+00
0.000000000000000000e+00
0.000000000000000000e+00
0.000000000000000000e+00
0.000000000000000000e+00
0.000000000000000000e+00
0.000000000000000000e+00
0.000000000000000000e+00
0.000000000000000000e+00
0.000000000000000000e+00
0.000000000000000000e+00
0.000000000000000000e+00
0.000000000000000000e+00
0.000000000000000000e+00
0.000000000000000000e+00
0.000000000000000000e+00
0.000000000000000000e+00
0.000000000000000000e+00
0.000000000000000000e+00
0.000000000000000000e+00
0.000000000000000000e+00
0.000000000000000000e+00
0.000000000000000000e+00
0.000000000000000000e+00
0.000000000000000000e+00
0.000000000000000000e+00
0.000000000000000000e+00
0.000000000000000000e+00
0.000000000000000000e+00
0.000000000000000000e+00
0.000000000000000000e+00
0.000000000000000000e+00
0.000000000000000000e+00
0.000000000000000000e+00
0.000000000000000000e+00
0.000000000000000000e+00
0.000000000000000000e+00
0.000000000000000000e+00
0.000000000000000000e+00
0.000000000000000000e+00
0.000000000000000000e+00
0.000000000000000000e+00
0.000000000000000000e+00
0.000000000000000000e+00
0.000000000000000000e+00
0.000000000000000000e+00
0.000000000000000000e+00
0.000000000000000000e+00
0.000000000000000000e+00
0.000000000000000000e+00
0.000000000000000000e+00
0.000000000000000000e+00
0.000000000000000000e+00
0.000000000000000000e+00
0.000000000000000000e+00
0.000000000000000000e+00
0.000000000000000000e+00
0.000000000000000000e+00
0.000000000000000000e+00
0.000000000000000000e+00
0.000000000000000000e+00
0.000000000000000000e+00
0.000000000000000000e+00
0.000000000000000000e+00
0.000000000000000000e+00
0.000000000000000000e+00
0.000000000000000000e+00
0.000000000000000000e+00
0.000000000000000000e+00
0.000000000000000000e+00
0.000000000000000000e+00
0.000000000000000000e+00
0.000000000000000000e+00
