0.000000000000000000e+00
0.000000000000000000e+00
0.000000000000000000e+00
0.000000000000000000e+00
0.000000000000000000e+00
0.000000000000000000e+00
0.000000000000000000e+00
0.000000000000000000e+00
0.000000000000000000e+00
0.000000000000000000e+00
0.000000000000000000e+00
0.000000000000000000e+00
0.000000000000000000e+00
0.000000000000000000e+00
0.000000000000000000e+00
0.000000000000000000e+00
0.000000000000000000e+00
0.000000000000000000e+00
0.000000000000000000e+00
0.000000000000000000e+00
0.000000000000000000e+00
0.000000000000000000e+00
0.000000000000000000e+00
0.000000000000000000e+00
0.000000000000000000e+00
0.000000000000000000e+00
0.000000000000000000e+00
0.000000000000000000e+00
0.000000000000000000e+00
0.000000000000000000e+00
0.000000000000000000e+00
0.000000000000000000e+00
0.000000000000000000e+00
0.000000000000000000e+00
0.000000000000000000e+00
0.000000000000000000e+00
0.000000000000000000e+00
0.000000000000000000e+00
0.000000000000000000e+00
0.000000000000000000e+00
0.000000000000000000e+00
0.000000000000000000e+00
0.000000000000000000e+00
0.000000000000000000e+00
0.000000000000000000e+00
0.000000000000000000e+00
0.000000000000000000e+00
0.000000000000000000e+00
0.000000000000000000e+00
0.000000000000000000e+00
0.000000000000000000e+00
0.000000000000000000e+00
0.000000000000000000e+00
0.000000000000000000e+00
0.000000000000000000e+00
0.000000000000000000e+00
0.000000000000000000e+00
0.000000000000000000e+00
0.000000000000000000e+00
0.000000000000000000e+00
0.000000000000000000e+00
0.000000000000000000e+00
0.000000000000000000e+00
0.000000000000000000e+00
0.000000000000000000e+00
0.000000000000000000e+00
0.000000000000000000e+00
0.000000000000000000e+00
0.000000000000000000e+00
0.000000000000000000e+00
0.000000000000000000e+00
0.000000000000000000e+00
0.000000000000000000e+00
0.000000000000000000e+00
0.000000000000000000e+00
0.000000000000000000e+00
0.000000000000000000e+00
0.000000000000000000e+00
0.000000000000000000e+00
0.000000000000000000e+00
0.000000000000000000e+00
0.000000000000000000e+00
0.000000000000000000e+00
0.000000000000000000e+00
0.000000000000000000e+00
0.000000000000000000e+00
0.000000000000000000e+00
0.000000000000000000e+00
0.000000000000000000e+00
0.000000000000000000e+00
0.000000000000000000e+00
0.000000000000000000e+00
0.000000000000000000e+00
0.000000000000000000e+00
0.000000000000000000e+00
0.000000000000000000e+00
0.000000000000000000e+00
0.000000000000000000e+00
0.000000000000000000e+00
0.000000000000000000e+00
0.000000000000000000e+00
0.000000000000000000e+00
0.000000000000000000e+00
0.000000000000000000e+00
0.000000000000000000e+00
0.000000000000000000e+00
0.000000000000000000e+00
0.000000000000000000e+00
0.000000000000000000e+00
0.000000000000000000e+00
0.000000000000000000e+00
0.000000000000000000e+00
0.000000000000000000e+00
0.000000000000000000e+00
0.000000000000000000e+00
0.000000000000000000e+00
0.000000000000000000e+00
0.000000000000000000e+00
0.000000000000000000e+00
0.000000000000000000e+00
0.000000000000000000e+00
0.000000000000000000e+00
0.000000000000000000e+00
0.000000000000000000e+00
0.000000000000000000e+00
0.000000000000000000e+00
0.000000000000000000e+00
0.000000000000000000e+00
0.000000000000000000e+00
0.000000000000000000e+00
0.000000000000000000e+00
0.000000000000000000e+00
0.000000000000000000e+00
0.000000000000000000e+00
0.000000000000000000e+00
-2.262532916574855335e-06
5.383859024732373655e-05
1.297944108955562115e-04
2.486013108864426613e-04
3.844295861199498177e-04
5.408893339335918427e-04
6.503031472675502300e-04
7.016392773948609829e-04
7.435533916577696800e-04
7.607895531691610813e-04
7.675316301174461842e-04
7.914158049970865250e-04
8.207823848351836205e-04
8.471682085655629635e-04
8.710961556062102318e-04
8.889977470971643925e-04
8.950578048825263977e-04
8.807660778984427452e-04
8.891203324310481548e-04
8.810242870822548866e-04
8.731901762075722218e-04
8.377596968784928322e-04
7.837755256332457066e-04
7.491181022487580776e-04
7.312071393243968487e-04
7.528060814365744591e-04
7.874584407545626163e-04
8.269690442830324173e-04
8.725006482563912868e-04
9.159377077594399452e-04
9.536482975818216801e-04
9.857022669166326523e-04
1.010726788081228733e-03
1.052742241881787777e-03
1.085436204448342323e-03
1.133011770434677601e-03
1.162395579740405083e-03
1.201951759867370129e-03
1.234184950590133667e-03
1.274360110983252525e-03
1.301608630456030369e-03
1.321438001468777657e-03
1.341174938715994358e-03
1.352220657281577587e-03
1.354206586256623268e-03
1.352262101136147976e-03
1.324700075201690197e-03
1.211909344419836998e-03
9.761682013049721718e-04
6.508346996270120144e-04
1.784518826752901077e-04
-3.702774993143975735e-04
-1.099060871638357639e-03
-1.950447447597980499e-03
-2.954319119453430176e-03
-4.079991020262241364e-03
-5.337963346391916275e-03
-6.741852033883333206e-03
-8.262046612799167633e-03
-9.937961585819721222e-03
-1.174092013388872147e-02
-2.142659202218055725e-02
-3.196706622838973999e-02
-4.154305905103683472e-02
-5.476192757487297058e-02
-6.924407929182052612e-02
-8.506656438112258911e-02
-1.013930439949035645e-01
-1.180743202567100525e-01
-1.350238323211669922e-01
-1.523640006780624390e-01
-1.697707027196884155e-01
-1.870906203985214233e-01
-2.046340554952621460e-01
-2.217235863208770752e-01
-2.384923845529556274e-01
-2.549559175968170166e-01
-2.710335552692413330e-01
-2.865830957889556885e-01
-3.016811907291412354e-01
-3.161090016365051270e-01
-3.305263519287109375e-01
-3.443273901939392090e-01
-3.577796816825866699e-01
-3.709550201892852783e-01
-3.836579322814941406e-01
-3.958415985107421875e-01
-4.073750078678131104e-01
-4.192686378955841064e-01
-4.296732246875762939e-01
-4.400759637355804443e-01
-4.499185383319854736e-01
-4.593048095703125000e-01
-4.682673811912536621e-01
-4.768826961517333984e-01
-4.849997758865356445e-01
-4.927526712417602539e-01
-5.001202821731567383e-01
-5.072126388549804688e-01
-5.140002965927124023e-01
-5.203731060028076172e-01
-5.263361334800720215e-01
-5.320318937301635742e-01
-5.375232696533203125e-01
-5.390089750289916992e-01
-5.422999858856201172e-01
-5.456892251968383789e-01
-5.479183793067932129e-01
-5.510670542716979980e-01
-5.537955760955810547e-01
-5.574182868003845215e-01
-5.600885152816772461e-01
-5.634465217590332031e-01
-5.661899447441101074e-01
-5.692771077156066895e-01
-5.723484158515930176e-01
-5.751708745956420898e-01
-5.779756307601928711e-01
-5.808317661285400391e-01
-5.837208628654479980e-01
-5.864573121070861816e-01
-5.891337990760803223e-01
-5.917652845382690430e-01
-5.942706465721130371e-01
-5.967108607292175293e-01
-5.990152955055236816e-01
-6.012161970138549805e-01
-6.032394766807556152e-01
-6.110319495201110840e-01
-6.179701685905456543e-01
-6.241664290428161621e-01
-6.306325197219848633e-01
-6.369504928588867188e-01
-6.428594589233398438e-01
-6.481714248657226562e-01
-6.530007719993591309e-01
-6.573885679244995117e-01
-6.614108681678771973e-01
-6.650274395942687988e-01
-6.681800484657287598e-01
-6.708982586860656738e-01
-6.732308268547058105e-01
-6.752042174339294434e-01
-6.768574118614196777e-01
-6.781311631202697754e-01
-6.790984272956848145e-01
-6.797878742218017578e-01
-6.802204251289367676e-01
-6.803964972496032715e-01
-6.803825497627258301e-01
-6.802229285240173340e-01
-6.799381375312805176e-01
-6.795440316200256348e-01
-6.790459752082824707e-01
-6.784549355506896973e-01
-6.777956485748291016e-01
-6.770521402359008789e-01
-6.761965155601501465e-01
-6.752058863639831543e-01
-6.741558909416198730e-01
-6.730441451072692871e-01
-6.718394756317138672e-01
-6.704831123352050781e-01
-6.691854596138000488e-01
-6.678216457366943359e-01
-6.664567589759826660e-01
-6.650726795196533203e-01
-6.636888980865478516e-01
-6.622210144996643066e-01
-6.618496775627136230e-01
-6.607438325881958008e-01
-6.596467494964599609e-01
-6.589201688766479492e-01
-6.576829552650451660e-01
-6.565744280815124512e-01
-6.550526618957519531e-01
-6.537888050079345703e-01
-6.521755456924438477e-01
-6.505662798881530762e-01
-6.487661004066467285e-01
-6.468506455421447754e-01
-6.366385221481323242e-01
-6.241940259933471680e-01
-6.117140054702758789e-01
-5.966424942016601562e-01
-5.801975727081298828e-01
-5.624267458915710449e-01
-5.425106883049011230e-01
-5.217460393905639648e-01
-5.000385642051696777e-01
-4.779216051101684570e-01
-4.553377032279968262e-01
-4.324499964714050293e-01
-4.091868400573730469e-01
-3.856429159641265869e-01
-3.620419204235076904e-01
-3.384842574596405029e-01
-3.146772980690002441e-01
-2.904593050479888916e-01
-2.664715051651000977e-01
-2.423879951238632202e-01
-2.181309610605239868e-01
-1.936694979667663574e-01
-1.691550761461257935e-01
-1.449042856693267822e-01
-1.204170808196067810e-01
-9.588861465454101562e-02
-7.150892913341522217e-02
-4.697751626372337341e-02
-2.247604727745056152e-02
2.171220956370234489e-03
2.652074396610260010e-02
5.051669105887413025e-02
7.449813187122344971e-02
9.820892661809921265e-02
1.218721047043800354e-01
1.453144848346710205e-01
1.682744026184082031e-01
1.913014501333236694e-01
2.141550928354263306e-01
2.367427200078964233e-01
2.592004835605621338e-01
2.812760472297668457e-01
3.030456006526947021e-01
3.243613243103027344e-01
3.453399538993835449e-01
3.653882741928100586e-01
3.840098679065704346e-01
4.012506306171417236e-01
4.174648523330688477e-01
4.322978258132934570e-01
4.461714029312133789e-01
4.588293433189392090e-01
4.705526530742645264e-01
4.813279807567596436e-01
4.911050796508789062e-01
5.003541111946105957e-01
5.088992118835449219e-01
5.167167186737060547e-01
5.240898728370666504e-01
5.309013128280639648e-01
5.373013615608215332e-01
5.430918931961059570e-01
5.485781431198120117e-01
5.535410642623901367e-01
5.582779049873352051e-01
5.626296401023864746e-01
5.636985301971435547e-01
5.668455362319946289e-01
5.698885917663574219e-01
5.718358755111694336e-01
5.749152898788452148e-01
5.773351788520812988e-01
5.805374979972839355e-01
5.832349061965942383e-01
5.867071747779846191e-01
5.895382165908813477e-01
5.930069684982299805e-01
5.965121388435363770e-01
5.999615788459777832e-01
6.033977866172790527e-01
6.070325970649719238e-01
6.106239557266235352e-01
6.141573786735534668e-01
6.177803874015808105e-01
6.213079094886779785e-01
6.249345541000366211e-01
6.284016370773315430e-01
6.318944096565246582e-01
6.352912187576293945e-01
6.386316418647766113e-01
6.418653726577758789e-01
6.449739933013916016e-01
6.478965282440185547e-01
6.506427526473999023e-01
6.532559990882873535e-01
6.556257605552673340e-01
6.577661633491516113e-01
6.648095250129699707e-01
6.709352135658264160e-01
6.760935783386230469e-01
6.813663840293884277e-01
6.863745450973510742e-01
6.908114552497863770e-01
6.946374773979187012e-01
6.979404091835021973e-01
7.005721926689147949e-01
7.027458548545837402e-01
7.044264674186706543e-01
7.057083845138549805e-01
7.066192626953125000e-01
7.071868181228637695e-01
7.074165344238281250e-01
7.073566317558288574e-01
7.070472836494445801e-01
7.064844965934753418e-01
7.057026028633117676e-01
7.047520875930786133e-01
7.035831809043884277e-01
7.022911310195922852e-01
7.008976340293884277e-01
6.994128823280334473e-01
6.978784799575805664e-01
6.962633728981018066e-01
6.945937275886535645e-01
6.928789615631103516e-01
6.911256909370422363e-01
6.893596053123474121e-01
6.875630021095275879e-01
6.856299042701721191e-01
6.838683485984802246e-01
6.819941997528076172e-01
6.801243424415588379e-01
6.782463192939758301e-01
6.763736009597778320e-01
6.745228767395019531e-01
6.726229786872863770e-01
6.707220077514648438e-01
6.702111363410949707e-01
6.688197255134582520e-01
6.674142479896545410e-01
6.664499044418334961e-01
6.649233102798461914e-01
6.634936332702636719e-01
6.617415547370910645e-01
6.599566936492919922e-01
6.580997109413146973e-01
6.561444401741027832e-01
6.540230512619018555e-01
6.432961225509643555e-01
6.306510567665100098e-01
6.178306341171264648e-01
6.026776432991027832e-01
5.855771303176879883e-01
5.675344467163085938e-01
5.469970703125000000e-01
5.255122184753417969e-01
5.031939148902893066e-01
4.800353944301605225e-01
4.562028348445892334e-01
4.316825866699218750e-01
4.069300591945648193e-01
3.817039132118225098e-01
3.559990823268890381e-01
3.302872776985168457e-01
3.043111264705657959e-01
2.781739234924316406e-01
2.516988813877105713e-01
2.251916080713272095e-01
1.985973119735717773e-01
1.716231852769851685e-01
1.447858512401580811e-01
1.181394383311271667e-01
9.125712513923645020e-02
6.442961096763610840e-02
3.760409355163574219e-02
1.080732792615890503e-02
-1.580853015184402466e-02
-4.337054491043090820e-02
-6.898836791515350342e-02
-9.455872327089309692e-02
-1.192875504493713379e-01
-1.433055698871612549e-01
-1.664378941059112549e-01
-1.887879818677902222e-01
-2.102141678333282471e-01
-2.308189123868942261e-01
-2.505255937576293945e-01
-2.695691883563995361e-01
-2.877699136734008789e-01
-3.052434623241424561e-01
-3.218446969985961914e-01
-3.377396762371063232e-01
-3.529329001903533936e-01
-3.674906194210052490e-01
-3.814523816108703613e-01
-3.945606350898742676e-01
-4.071284234523773193e-01
-4.190750122070312500e-01
-4.303881227970123291e-01
-4.411981701850891113e-01
-4.514420330524444580e-01
-4.610681831836700439e-01
-4.698947668075561523e-01
-4.785782098770141602e-01
-4.866611659526824951e-01
-4.944629371166229248e-01
-5.019164681434631348e-01
-5.087800025939941406e-01
-5.152135491371154785e-01
-5.214359760284423828e-01
-5.271856784820556641e-01
-5.327547788619995117e-01
-5.379511713981628418e-01
-5.393969416618347168e-01
-5.427058339118957520e-01
-5.459148287773132324e-01
-5.479692220687866211e-01
-5.511347055435180664e-01
-5.538986921310424805e-01
-5.571177601814270020e-01
-5.604287385940551758e-01
-5.635586977005004883e-01
-5.667495727539062500e-01
-5.699968934059143066e-01
-5.731387734413146973e-01
-5.762993097305297852e-01
-5.794456601142883301e-01
-5.825500488281250000e-01
-5.855484604835510254e-01
-5.885227918624877930e-01
-5.914700627326965332e-01
-5.942998528480529785e-01
-5.970327854156494141e-01
-5.996443629264831543e-01
-6.021193265914916992e-01
-6.044338941574096680e-01
-6.065738797187805176e-01
-6.149430871009826660e-01
-6.225369572639465332e-01
-6.291572451591491699e-01
-6.362494230270385742e-01
-6.434190869331359863e-01
-6.501533389091491699e-01
-6.563884615898132324e-01
-6.620944738388061523e-01
-6.672695875167846680e-01
-6.718407869338989258e-01
-6.758651137351989746e-01
-6.794884800910949707e-01
-6.826778054237365723e-01
-6.853951811790466309e-01
-6.877350807189941406e-01
-6.897336244583129883e-01
-6.913738846778869629e-01
-6.927067041397094727e-01
-6.937116384506225586e-01
-6.944414377212524414e-01
-6.948792934417724609e-01
-6.950632929801940918e-01
-6.950028538703918457e-01
-6.947356462478637695e-01
-6.942784786224365234e-01
-6.936582922935485840e-01
-6.928503513336181641e-01
-6.919000148773193359e-01
-6.908588409423828125e-01
-6.896832585334777832e-01
-6.884236335754394531e-01
-6.870806813240051270e-01
-6.856970191001892090e-01
-6.842296719551086426e-01
-6.827180981636047363e-01
-6.811459660530090332e-01
-6.795859932899475098e-01
-6.779668927192687988e-01
-6.763049960136413574e-01
-6.745986342430114746e-01
-6.729682087898254395e-01
-6.725179553031921387e-01
-6.711906194686889648e-01
-6.699534058570861816e-01
-6.690964102745056152e-01
-6.676647067070007324e-01
-6.663177013397216797e-01
-6.646255850791931152e-01
-6.630998253822326660e-01
-6.613001823425292969e-01
-6.593904495239257812e-01
-6.574053168296813965e-01
-6.474476456642150879e-01
-6.356812715530395508e-01
-6.237394809722900391e-01
-6.095806956291198730e-01
-5.940168499946594238e-01
-5.768454670906066895e-01
-5.588798522949218750e-01
-5.405350327491760254e-01
-5.218355059623718262e-01
-5.030981302261352539e-01
-4.841054975986480713e-01
-4.640545547008514404e-01
-4.455793201923370361e-01
-4.270337224006652832e-01
-4.086375236511230469e-01
-3.906839191913604736e-01
-3.729759454727172852e-01
-3.557051718235015869e-01
-3.389592766761779785e-01
-3.226540088653564453e-01
-3.068609237670898438e-01
-2.917553186416625977e-01
-2.768979966640472412e-01
-2.629587352275848389e-01
-2.490432560443878174e-01
-2.359702587127685547e-01
-2.231264263391494751e-01
-2.107682526111602783e-01
-1.990324407815933228e-01
-1.875956654548645020e-01
-1.768208593130111694e-01
-1.666159480810165405e-01
-1.568347215652465820e-01
-1.474447548389434814e-01
-1.383531093597412109e-01
-1.296568661928176880e-01
-1.220694258809089661e-01
-1.141786128282546997e-01
-1.068206802010536194e-01
-9.968654811382293701e-02
-9.312801063060760498e-02
-8.694196492433547974e-02
-8.088110387325286865e-02
-7.520343363285064697e-02
-6.983623653650283813e-02
-6.845977157354354858e-02
-6.439605355262756348e-02
-6.120130419731140137e-02
-5.868057534098625183e-02
-5.528127029538154602e-02
-5.228978022933006287e-02
-4.890274256467819214e-02
-4.587776213884353638e-02
-4.262665286660194397e-02
-3.915055841207504272e-02
-3.576828166842460632e-02
-3.231322765350341797e-02
-2.890015393495559692e-02
-2.562206611037254333e-02
-2.224663272500038147e-02
-1.882129535079002380e-02
-1.550446450710296631e-02
-1.228093728423118591e-02
-9.256017394363880157e-03
-6.179840303957462311e-03
-3.225461579859256744e-03
-3.197581099811941385e-04
2.263938775286078453e-03
4.759069066494703293e-03
7.068672217428684235e-03
1.490103919059038162e-02
2.197443880140781403e-02
2.829689159989356995e-02
3.477663174271583557e-02
4.120578616857528687e-02
4.725681617856025696e-02
5.267373844981193542e-02
5.748625844717025757e-02
6.179366260766983032e-02
6.565236300230026245e-02
6.903597712516784668e-02
7.203443348407745361e-02
7.454903423786163330e-02
7.668887078762054443e-02
7.845848798751831055e-02
7.985540479421615601e-02
8.095834404230117798e-02
8.180828392505645752e-02
8.242546766996383667e-02
8.283683657646179199e-02
8.304636180400848389e-02
8.299057185649871826e-02
8.269950747489929199e-02
8.218634873628616333e-02
8.149580657482147217e-02
8.065493404865264893e-02
7.970039546489715576e-02
7.867690920829772949e-02
7.762234658002853394e-02
7.644562423229217529e-02
7.520381361246109009e-02
7.386712729930877686e-02
7.249580323696136475e-02
7.108329981565475464e-02
6.963144242763519287e-02
6.819684058427810669e-02
6.667952239513397217e-02
6.515538692474365234e-02
6.357281655073165894e-02
6.202430278062820435e-02
6.032129749655723572e-02
5.875473469495773315e-02
5.718258023262023926e-02
5.555538088083267212e-02
5.400662496685981750e-02
5.243620276451110840e-02
5.086374282836914062e-02
4.929683730006217957e-02
4.772353172302246094e-02
4.617548733949661255e-02
4.463735222816467285e-02
4.316642507910728455e-02
4.169068858027458191e-02
4.018850997090339661e-02
3.881067410111427307e-02
3.756586462259292603e-02
3.603849187493324280e-02
3.504962846636772156e-02
3.357388079166412354e-02
3.265660628676414490e-02
3.110580332577228546e-02
3.027942031621932983e-02
2.873168513178825378e-02
2.801817283034324646e-02
2.653066255152225494e-02
2.589655295014381409e-02
2.442467957735061646e-02
2.364537306129932404e-02
2.240257896482944489e-02
2.171699143946170807e-02
2.046519704163074493e-02
1.962487213313579559e-02
1.836383715271949768e-02
1.784173585474491119e-02
1.732015050947666168e-02
1.677530631422996521e-02
1.637504994869232178e-02
1.585341058671474457e-02
1.535489782691001892e-02
1.498611178249120712e-02
1.457193866372108459e-02
1.420651376247406006e-02
1.383448019623756409e-02
1.345644798129796982e-02
1.322897151112556458e-02
1.291194744408130646e-02
1.270069926977157593e-02
1.245793420821428299e-02
1.229296624660491943e-02
1.211850810796022415e-02
1.198094524443149567e-02
1.185480225831270218e-02
1.175046432763338089e-02
1.167413871735334396e-02
1.161544490605592728e-02
1.155875623226165771e-02
1.153583638370037079e-02
1.152116153389215469e-02
1.152128074318170547e-02
1.152128074318170547e-02
1.152128074318170547e-02
1.152128074318170547e-02
1.152128074318170547e-02
1.152128074318170547e-02
1.152128074318170547e-02
1.152128074318170547e-02
1.152128074318170547e-02
1.152128074318170547e-02
1.152128074318170547e-02
1.152128074318170547e-02
1.152128074318170547e-02
1.152128074318170547e-02
1.152128074318170547e-02
1.152128074318170547e-02
1.152128074318170547e-02
1.152128074318170547e-02
1.152128074318170547e-02
1.152128074318170547e-02
1.152128074318170547e-02
1.152128074318170547e-02
1.152128074318170547e-02
1.152128074318170547e-02
1.152128074318170547e-02
1.152128074318170547e-02
1.152128074318170547e-02
1.152128074318170547e-02
1.152128074318170547e-02
1.152128074318170547e-02
1.152128074318170547e-02
1.152128074318170547e-02
1.152128074318170547e-02
1.152128074318170547e-02
1.152128074318170547e-02
1.152128074318170547e-02
1.152128074318170547e-02
1.152128074318170547e-02
1.152128074318170547e-02
1.152128074318170547e-02
1.152128074318170547e-02
1.152128074318170547e-02
1.152128074318170547e-02
1.152128074318170547e-02
1.152128074318170547e-02
1.152128074318170547e-02
1.152128074318170547e-02
1.152128074318170547e-02
1.152128074318170547e-02
1.152128074318170547e-02
1.152128074318170547e-02
1.152128074318170547e-02
1.152128074318170547e-02
1.152128074318170547e-02
1.152128074318170547e-02
1.152128074318170547e-02
1.152128074318170547e-02
1.152128074318170547e-02
1.152128074318170547e-02
1.152128074318170547e-02
1.152128074318170547e-02
1.152128074318170547e-02
1.152128074318170547e-02
1.152128074318170547e-02
1.152128074318170547e-02
1.152128074318170547e-02
1.152128074318170547e-02
1.152128074318170547e-02
1.152128074318170547e-02
1.152128074318170547e-02
1.152128074318170547e-02
1.152128074318170547e-02
1.152128074318170547e-02
1.152128074318170547e-02
1.152128074318170547e-02
1.152128074318170547e-02
1.152128074318170547e-02
1.152128074318170547e-02
1.152128074318170547e-02
1.152128074318170547e-02
1.152128074318170547e-02
1.152128074318170547e-02
1.152128074318170547e-02
1.152128074318170547e-02
1.152128074318170547e-02
1.152128074318170547e-02
1.152128074318170547e-02
1.152128074318170547e-02
1.152128074318170547e-02
1.152128074318170547e-02
1.152128074318170547e-02
1.152128074318170547e-02
1.152128074318170547e-02
1.152128074318170547e-02
1.152128074318170547e-02
1.152128074318170547e-02
1.152128074318170547e-02
1.152128074318170547e-02
1.152128074318170547e-02
1.152128074318170547e-02
1.152128074318170547e-02
1.152128074318170547e-02
1.152128074318170547e-02
1.152128074318170547e-02
1.152128074318170547e-02
1.152128074318170547e-02
1.152128074318170547e-02
1.152128074318170547e-02
1.152128074318170547e-02
1.152128074318170547e-02
1.152128074318170547e-02
1.152128074318170547e-02
1.152128074318170547e-02
1.152128074318170547e-02
1.152128074318170547e-02
1.152128074318170547e-02
1.152128074318170547e-02
1.152128074318170547e-02
1.152128074318170547e-02
1.152128074318170547e-02
1.152128074318170547e-02
1.152128074318170547e-02
1.152128074318170547e-02
1.152128074318170547e-02
1.152128074318170547e-02
1.152128074318170547e-02
1.152128074318170547e-02
1.152128074318170547e-02
1.152128074318170547e-02
1.152128074318170547e-02
1.152128074318170547e-02
1.152128074318170547e-02
1.152128074318170547e-02
1.152128074318170547e-02
1.152128074318170547e-02
1.152128074318170547e-02
1.152128074318170547e-02
1.152128074318170547e-02
1.152128074318170547e-02
1.152128074318170547e-02
1.152128074318170547e-02
1.152128074318170547e-02
1.152128074318170547e-02
1.152128074318170547e-02
1.152128074318170547e-02
1.152128074318170547e-02
1.152128074318170547e-02
1.152128074318170547e-02
1.152128074318170547e-02
1.152128074318170547e-02
1.152128074318170547e-02
1.152128074318170547e-02
1.152128074318170547e-02
1.152128074318170547e-02
1.152128074318170547e-02
1.152128074318170547e-02
1.152128074318170547e-02
1.152128074318170547e-02
1.152128074318170547e-02
1.152128074318170547e-02
1.152128074318170547e-02
1.152128074318170547e-02
1.152128074318170547e-02
1.152128074318170547e-02
1.152128074318170547e-02
1.152128074318170547e-02
1.152128074318170547e-02
1.152128074318170547e-02
1.152128074318170547e-02
1.152128074318170547e-02
1.152128074318170547e-02
1.152128074318170547e-02
1.152128074318170547e-02
1.152128074318170547e-02
1.152128074318170547e-02
1.152128074318170547e-02
1.152128074318170547e-02
1.152128074318170547e-02
1.152128074318170547e-02
1.152128074318170547e-02
1.152128074318170547e-02
1.152128074318170547e-02
1.152128074318170547e-02
1.152128074318170547e-02
1.152128074318170547e-02
1.152128074318170547e-02
1.152128074318170547e-02
1.152128074318170547e-02
1.152128074318170547e-02
1.152128074318170547e-02
1.152128074318170547e-02
1.152128074318170547e-02
1.152128074318170547e-02
1.152128074318170547e-02
1.152128074318170547e-02
1.152128074318170547e-02
1.152128074318170547e-02
1.152128074318170547e-02
1.152128074318170547e-02
1.152128074318170547e-02
1.152128074318170547e-02
1.152128074318170547e-02
1.152128074318170547e-02
1.152128074318170547e-02
1.152128074318170547e-02
1.152128074318170547e-02
1.152128074318170547e-02
1.152128074318170547e-02
1.152128074318170547e-02
1.152128074318170547e-02
1.152128074318170547e-02
1.152128074318170547e-02
1.152128074318170547e-02
1.152128074318170547e-02
1.152128074318170547e-02
1.152128074318170547e-02
1.152128074318170547e-02
1.152128074318170547e-02
1.152128074318170547e-02
1.152128074318170547e-02
1.152128074318170547e-02
1.152128074318170547e-02
1.152128074318170547e-02
1.152128074318170547e-02
1.152128074318170547e-02
1.152128074318170547e-02
1.152128074318170547e-02
1.152128074318170547e-02
1.152128074318170547e-02
1.152128074318170547e-02
1.152128074318170547e-02
1.152128074318170547e-02
1.152128074318170547e-02
1.152128074318170547e-02
1.152128074318170547e-02
1.152128074318170547e-02
1.152128074318170547e-02
1.152128074318170547e-02
1.152128074318170547e-02
1.152128074318170547e-02
1.152128074318170547e-02
1.152128074318170547e-02
1.152128074318170547e-02
1.152128074318170547e-02
1.152128074318170547e-02
1.152128074318170547e-02
1.152128074318170547e-02
1.152128074318170547e-02
1.152128074318170547e-02
1.152128074318170547e-02
1.152128074318170547e-02
1.152128074318170547e-02
1.152128074318170547e-02
1.152128074318170547e-02
1.152128074318170547e-02
1.152128074318170547e-02
1.152128074318170547e-02
1.152128074318170547e-02
1.152128074318170547e-02
1.152128074318170547e-02
1.152128074318170547e-02
1.152128074318170547e-02
1.152128074318170547e-02
1.152128074318170547e-02
1.152128074318170547e-02
1.152128074318170547e-02
1.152128074318170547e-02
1.152128074318170547e-02
1.152128074318170547e-02
1.152128074318170547e-02
1.152128074318170547e-02
1.152128074318170547e-02
1.152128074318170547e-02
1.152128074318170547e-02
1.152128074318170547e-02
1.152128074318170547e-02
1.152128074318170547e-02
1.152128074318170547e-02
1.152128074318170547e-02
1.152128074318170547e-02
1.152128074318170547e-02
1.152128074318170547e-02
1.152128074318170547e-02
1.152128074318170547e-02
1.152128074318170547e-02
1.152128074318170547e-02
1.152128074318170547e-02
1.152128074318170547e-02
1.152128074318170547e-02
1.152128074318170547e-02
1.152128074318170547e-02
1.152128074318170547e-02
1.152128074318170547e-02
1.152128074318170547e-02
1.152128074318170547e-02
1.152128074318170547e-02
1.152128074318170547e-02
1.152128074318170547e-02
1.152128074318170547e-02
1.152128074318170547e-02
1.152128074318170547e-02
1.152128074318170547e-02
1.152128074318170547e-02
1.152128074318170547e-02
1.152128074318170547e-02
1.152128074318170547e-02
1.152128074318170547e-02
1.152128074318170547e-02
1.152128074318170547e-02
1.152128074318170547e-02
1.152128074318170547e-02
1.152128074318170547e-02
1.152128074318170547e-02
1.152128074318170547e-02
1.152128074318170547e-02
1.152128074318170547e-02
1.152128074318170547e-02
1.152128074318170547e-02
1.152128074318170547e-02
1.152128074318170547e-02
1.152128074318170547e-02
1.152128074318170547e-02
1.152128074318170547e-02
1.152128074318170547e-02
1.152128074318170547e-02
1.152128074318170547e-02
1.152128074318170547e-02
1.152128074318170547e-02
1.152128074318170547e-02
1.152128074318170547e-02
1.152128074318170547e-02
1.152128074318170547e-02
1.152128074318170547e-02
1.152128074318170547e-02
1.152128074318170547e-02
1.152128074318170547e-02
1.152128074318170547e-02
1.152128074318170547e-02
1.152128074318170547e-02
1.152128074318170547e-02
1.152128074318170547e-02
1.152128074318170547e-02
1.152128074318170547e-02
1.152128074318170547e-02
1.152128074318170547e-02
1.152128074318170547e-02
1.152128074318170547e-02
1.152128074318170547e-02
1.152128074318170547e-02
1.152128074318170547e-02
1.152128074318170547e-02
1.152128074318170547e-02
1.152128074318170547e-02
1.152128074318170547e-02
1.152128074318170547e-02
1.152128074318170547e-02
1.152128074318170547e-02
1.152128074318170547e-02
1.152128074318170547e-02
1.152128074318170547e-02
1.152128074318170547e-02
1.152128074318170547e-02
1.152128074318170547e-02
1.152128074318170547e-02
1.152128074318170547e-02
1.152128074318170547e-02
1.152128074318170547e-02
1.152128074318170547e-02
1.152128074318170547e-02
1.152128074318170547e-02
1.152128074318170547e-02
1.152128074318170547e-02
1.152128074318170547e-02
1.152128074318170547e-02
1.152128074318170547e-02
1.152128074318170547e-02
1.152128074318170547e-02
1.152128074318170547e-02
1.152128074318170547e-02
1.152128074318170547e-02
1.152128074318170547e-02
1.152128074318170547e-02
1.152128074318170547e-02
1.152128074318170547e-02
1.152128074318170547e-02
1.152128074318170547e-02
1.152128074318170547e-02
1.152128074318170547e-02
1.152128074318170547e-02
1.152128074318170547e-02
1.152128074318170547e-02
1.152128074318170547e-02
1.152128074318170547e-02
1.152128074318170547e-02
1.152128074318170547e-02
1.152128074318170547e-02
1.152128074318170547e-02
1.152128074318170547e-02
1.152128074318170547e-02
1.152174919843673706e-02
1.152174919843673706e-02
1.152174919843673706e-02
1.152174919843673706e-02
1.152174919843673706e-02
1.152174919843673706e-02
1.152174919843673706e-02
1.152174919843673706e-02
1.152174919843673706e-02
1.152174919843673706e-02
1.152174919843673706e-02
1.152174919843673706e-02
1.152174919843673706e-02
1.152174919843673706e-02
1.152174919843673706e-02
1.152174919843673706e-02
1.152174919843673706e-02
1.152174919843673706e-02
1.152174919843673706e-02
1.152174919843673706e-02
1.152174919843673706e-02
1.152174919843673706e-02
1.152174919843673706e-02
1.152174919843673706e-02
1.152174919843673706e-02
1.152174919843673706e-02
1.152174919843673706e-02
1.152174919843673706e-02
1.152174919843673706e-02
1.152174919843673706e-02
1.152174919843673706e-02
1.152174919843673706e-02
1.152174919843673706e-02
1.152174919843673706e-02
1.152174919843673706e-02
1.152174919843673706e-02
1.152174919843673706e-02
1.152174919843673706e-02
1.152174919843673706e-02
1.152174919843673706e-02
1.152174919843673706e-02
1.152174919843673706e-02
1.152174919843673706e-02
1.152174919843673706e-02
1.152174919843673706e-02
1.152174919843673706e-02
1.152174919843673706e-02
1.152174919843673706e-02
1.152174919843673706e-02
1.152174919843673706e-02
1.152174919843673706e-02
1.152174919843673706e-02
1.152174919843673706e-02
1.152174919843673706e-02
1.152174919843673706e-02
1.152174919843673706e-02
1.152174919843673706e-02
1.152174919843673706e-02
1.152174919843673706e-02
1.152174919843673706e-02
1.152174919843673706e-02
1.152174919843673706e-02
1.152174919843673706e-02
1.152174919843673706e-02
1.152174919843673706e-02
1.152174919843673706e-02
1.152174919843673706e-02
1.152174919843673706e-02
1.152174919843673706e-02
1.152174919843673706e-02
1.152174919843673706e-02
1.152174919843673706e-02
1.152174919843673706e-02
1.152174919843673706e-02
1.152174919843673706e-02
1.152174919843673706e-02
1.152174919843673706e-02
1.152174919843673706e-02
1.152174919843673706e-02
1.152174919843673706e-02
1.152174919843673706e-02
1.152174919843673706e-02
1.152174919843673706e-02
1.152174919843673706e-02
1.152174919843673706e-02
1.152174919843673706e-02
1.152174919843673706e-02
1.152174919843673706e-02
1.152174919843673706e-02
1.152174919843673706e-02
1.152174919843673706e-02
1.152174919843673706e-02
1.152174919843673706e-02
1.152174919843673706e-02
1.152174919843673706e-02
1.152174919843673706e-02
1.152174919843673706e-02
1.152174919843673706e-02
1.152174919843673706e-02
1.152174919843673706e-02
1.152174919843673706e-02
1.152174919843673706e-02
1.152174919843673706e-02
1.152174919843673706e-02
1.152174919843673706e-02
1.152174919843673706e-02
1.152174919843673706e-02
1.152174919843673706e-02
1.152174919843673706e-02
1.152174919843673706e-02
1.152174919843673706e-02
1.152174919843673706e-02
1.152174919843673706e-02
1.152174919843673706e-02
1.152174919843673706e-02
1.152174919843673706e-02
1.152174919843673706e-02
1.152174919843673706e-02
1.152174919843673706e-02
1.152174919843673706e-02
1.152174919843673706e-02
1.152174919843673706e-02
1.152174919843673706e-02
1.152174919843673706e-02
1.152174919843673706e-02
1.152174919843673706e-02
1.152174919843673706e-02
1.152174919843673706e-02
1.152174919843673706e-02
1.152174919843673706e-02
1.152174919843673706e-02
1.152174919843673706e-02
1.152174919843673706e-02
1.152174919843673706e-02
1.152174919843673706e-02
1.152174919843673706e-02
1.152174919843673706e-02
1.152174919843673706e-02
1.152174919843673706e-02
1.152174919843673706e-02
1.152174919843673706e-02
1.152174919843673706e-02
1.152174919843673706e-02
1.152174919843673706e-02
1.152174919843673706e-02
1.152174919843673706e-02
1.152174919843673706e-02
1.152174919843673706e-02
1.152174919843673706e-02
1.152174919843673706e-02
1.152174919843673706e-02
1.152174919843673706e-02
1.152174919843673706e-02
1.152174919843673706e-02
1.152174919843673706e-02
1.152174919843673706e-02
1.152174919843673706e-02
1.152174919843673706e-02
1.152174919843673706e-02
1.152174919843673706e-02
1.152174919843673706e-02
1.152174919843673706e-02
1.152174919843673706e-02
1.152174919843673706e-02
1.152174919843673706e-02
1.152174919843673706e-02
1.152174919843673706e-02
1.152174919843673706e-02
1.152174919843673706e-02
1.152174919843673706e-02
1.152174919843673706e-02
1.152174919843673706e-02
1.152174919843673706e-02
1.152174919843673706e-02
1.152174919843673706e-02
1.152174919843673706e-02
1.152174919843673706e-02
1.152174919843673706e-02
1.152174919843673706e-02
1.152174919843673706e-02
1.152174919843673706e-02
1.152174919843673706e-02
1.152174919843673706e-02
1.152174919843673706e-02
1.152174919843673706e-02
1.152174919843673706e-02
1.152174919843673706e-02
1.152174919843673706e-02
1.152174919843673706e-02
1.152174919843673706e-02
1.152174919843673706e-02
1.152174919843673706e-02
1.152174919843673706e-02
1.152174919843673706e-02
1.152174919843673706e-02
1.152174919843673706e-02
1.152174919843673706e-02
1.152174919843673706e-02
1.152174919843673706e-02
1.152174919843673706e-02
1.152174919843673706e-02
1.152174919843673706e-02
1.152174919843673706e-02
1.152174919843673706e-02
1.152174919843673706e-02
1.152174919843673706e-02
1.152174919843673706e-02
1.152174919843673706e-02
1.152174919843673706e-02
1.152174919843673706e-02
1.152174919843673706e-02
1.152174919843673706e-02
1.152174919843673706e-02
1.152174919843673706e-02
1.152174919843673706e-02
1.152174919843673706e-02
1.152174919843673706e-02
1.152174919843673706e-02
1.152174919843673706e-02
1.152174919843673706e-02
1.152174919843673706e-02
1.152174919843673706e-02
1.152174919843673706e-02
1.152174919843673706e-02
1.152174919843673706e-02
1.152174919843673706e-02
1.152174919843673706e-02
1.152174919843673706e-02
1.152174919843673706e-02
1.152174919843673706e-02
1.152174919843673706e-02
1.152174919843673706e-02
1.152174919843673706e-02
1.152174919843673706e-02
1.152174919843673706e-02
1.152174919843673706e-02
1.152174919843673706e-02
1.152174919843673706e-02
1.152174919843673706e-02
1.152174919843673706e-02
1.152174919843673706e-02
1.152174919843673706e-02
1.152174919843673706e-02
1.152174919843673706e-02
1.152174919843673706e-02
1.152174919843673706e-02
1.152174919843673706e-02
1.152174919843673706e-02
1.152174919843673706e-02
1.152174919843673706e-02
1.152174919843673706e-02
1.152174919843673706e-02
1.152174919843673706e-02
1.152174919843673706e-02
1.152174919843673706e-02
1.152174919843673706e-02
1.152174919843673706e-02
1.152174919843673706e-02
1.152174919843673706e-02
1.152174919843673706e-02
1.152174919843673706e-02
1.152174919843673706e-02
1.152174919843673706e-02
1.152174919843673706e-02
1.152174919843673706e-02
1.152174919843673706e-02
1.152174919843673706e-02
1.152174919843673706e-02
1.152174919843673706e-02
1.152174919843673706e-02
1.152174919843673706e-02
1.152174919843673706e-02
1.152174919843673706e-02
1.152174919843673706e-02
1.152174919843673706e-02
1.152174919843673706e-02
1.152174919843673706e-02
1.152174919843673706e-02
1.152174919843673706e-02
1.152174919843673706e-02
1.152174919843673706e-02
1.152174919843673706e-02
1.152174919843673706e-02
1.152174919843673706e-02
1.152174919843673706e-02
1.152174919843673706e-02
1.152174919843673706e-02
1.152174919843673706e-02
1.152174919843673706e-02
1.152174919843673706e-02
1.152174919843673706e-02
1.152174919843673706e-02
1.152174919843673706e-02
1.152174919843673706e-02
1.152174919843673706e-02
1.152174919843673706e-02
1.152174919843673706e-02
1.152174919843673706e-02
1.152174919843673706e-02
1.152174919843673706e-02
1.152174919843673706e-02
1.152174919843673706e-02
1.152174919843673706e-02
1.152174919843673706e-02
1.152174919843673706e-02
1.152174919843673706e-02
1.152174919843673706e-02
1.152174919843673706e-02
1.152174919843673706e-02
1.152174919843673706e-02
1.152174919843673706e-02
1.152174919843673706e-02
1.152174919843673706e-02
1.152174919843673706e-02
1.152174919843673706e-02
1.152174919843673706e-02
1.152174919843673706e-02
1.152174919843673706e-02
1.152174919843673706e-02
1.152174919843673706e-02
1.152174919843673706e-02
1.152174919843673706e-02
1.152174919843673706e-02
1.152174919843673706e-02
1.152174919843673706e-02
1.152174919843673706e-02
1.152174919843673706e-02
1.152174919843673706e-02
1.152174919843673706e-02
1.152174919843673706e-02
1.152174919843673706e-02
1.152174919843673706e-02
0.000000000000000000e+00
0.000000000000000000e+00
0.000000000000000000e+00
0.000000000000000000e+00
0.000000000000000000e+00
0.000000000000000000e+00
0.000000000000000000e+00
0.000000000000000000e+00
0.000000000000000000e+00
0.000000000000000000e+00
0.000000000000000000e+00
0.000000000000000000e+00
0.000000000000000000e+00
0.000000000000000000e+00
0.000000000000000000e+00
0.000000000000000000e+00
0.000000000000000000e+00
0.000000000000000000e+00
0.000000000000000000e+00
0.000000000000000000e+00
0.000000000000000000e+00
0.000000000000000000e+00
0.000000000000000000e+00
0.000000000000000000e+00
0.000000000000000000e+00
0.000000000000000000e+00
0.000000000000000000e+00
0.000000000000000000e+00
0.000000000000000000e+00
0.000000000000000000e+00
0.000000000000000000e+00
0.000000000000000000e+00
0.000000000000000000e+00
0.000000000000000000e+00
0.000000000000000000e+00
0.000000000000000000e+00
0.000000000000000000e+00
0.000000000000000000e+00
0.000000000000000000e+00
0.000000000000000000e+00
0.000000000000000000e+00
0.000000000000000000e+00
0.000000000000000000e+00
0.000000000000000000e+00
0.000000000000000000e+00
0.000000000000000000e+00
0.000000000000000000e+00
0.000000000000000000e+00
0.000000000000000000e+00
0.000000000000000000e+00
0.000000000000000000e+00
0.000000000000000000e+00
0.000000000000000000e+00
0.000000000000000000e+00
0.000000000000000000e+00
0.000000000000000000e+00
0.000000000000000000e+00
0.000000000000000000e+00
0.000000000000000000e+00
0.000000000000000000e+00
0.000000000000000000e+00
0.000000000000000000e+00
0.000000000000000000e+00
0.000000000000000000e+00
0.000000000000000000e+00
0.000000000000000000e+00
0.000000000000000000e+00
0.000000000000000000e+00
0.000000000000000000e+00
0.000000000000000000e+00
0.000000000000000000e+00
0.000000000000000000e+00
0.000000000000000000e+00
0.000000000000000000e+00
0.000000000000000000e+00
0.000000000000000000e+00
0.000000000000000000e+00
0.000000000000000000e+00
0.000000000000000000e+00
0.000000000000000000e+00
0.000000000000000000e+00
0.000000000000000000e+00
0.000000000000000000e+00
0.000000000000000000e+00
0.000000000000000000e+00
0.000000000000000000e+00
0.000000000000000000e+00
0.000000000000000000e+00
0.000000000000000000e+00
0.000000000000000000e+00
0.000000000000000000e+00
0.000000000000000000e+00
0.000000000000000000e+00
0.000000000000000000e+00
0.000000000000000000e+00
0.000000000000000000e+00
0.000000000000000000e+00
0.000000000000000000e+00
0.000000000000000000e+00
0.000000000000000000e+00
0.000000000000000000e+00
0.000000000000000000e+00
0.000000000000000000e+00
0.000000000000000000e+00
0.000000000000000000e+00
0.000000000000000000e+00
0.000000000000000000e+00
0.000000000000000000e+00
0.000000000000000000e+00
0.000000000000000000e+00
0.000000000000000000e+00
0.000000000000000000e+00
0.000000000000000000e+00
0.000000000000000000e+00
0.000000000000000000e+00
0.000000000000000000e+00
0.000000000000000000e+00
0.000000000000000000e+00
0.000000000000000000e+00
0.000000000000000000e+00
0.000000000000000000e+00
0.000000000000000000e+00
0.000000000000000000e+00
0.000000000000000000e+00
0.000000000000000000e+00
0.000000000000000000e+00
0.000000000000000000e+00
0.000000000000000000e+00
0.000000000000000000e+00
0.000000000000000000e+00
0.000000000000000000e+00
0.000000000000000000e+00
0.000000000000000000e+00
0.000000000000000000e+00
0.000000000000000000e+00
0.000000000000000000e+00
0.000000000000000000e+00
0.000000000000000000e+00
0.000000000000000000e+00
0.000000000000000000e+00
0.000000000000000000e+00
0.000000000000000000e+00
0.000000000000000000e+00
0.000000000000000000e+00
0.000000000000000000e+00
0.000000000000000000e+00
0.000000000000000000e+00
0.000000000000000000e+00
0.000000000000000000e+00
0.000000000000000000e+00
0.000000000000000000e+00
0.000000000000000000e+00
0.000000000000000000e+00
0.000000000000000000e+00
0.000000000000000000e+00
0.000000000000000000e+00
0.000000000000000000e+00
0.000000000000000000e+00
0.000000000000000000e+00
0.000000000000000000e+00
0.000000000000000000e+00
0.000000000000000000e+00
0.000000000000000000e+00
0.000000000000000000e+00
0.000000000000000000e+00
0.000000000000000000e+00
0.000000000000000000e+00
0.000000000000000000e+00
0.000000000000000000e+00
0.000000000000000000e+00
0.000000000000000000e+00
0.000000000000000000e+00
0.000000000000000000e+00
0.000000000000000000e+00
0.000000000000000000e+00
0.000000000000000000e+00
0.000000000000000000e+00
0.000000000000000000e+00
0.000000000000000000e+00
0.000000000000000000e+00
0.000000000000000000e+00
0.000000000000000000e+00
0.000000000000000000e+00
0.000000000000000000e+00
0.000000000000000000e+00
0.000000000000000000e+00
0.000000000000000000e+00
0.000000000000000000e+00
0.000000000000000000e+00
0.000000000000000000e+00
0.000000000000000000e+00
0.000000000000000000e+00
0.000000000000000000e+00
0.000000000000000000e+00
0.000000000000000000e+00
0.000000000000000000e+00
0.000000000000000000e+00
0.000000000000000000e+00
0.000000000000000000e+00
0.000000000000000000e+00
0.000000000000000000e+00
0.000000000000000000e+00
0.000000000000000000e+00
0.000000000000000000e+00
0.000000000000000000e+00
0.000000000000000000e+00
0.000000000000000000e+00
0.000000000000000000e+00
0.000000000000000000e+00
0.000000000000000000e+00
0.000000000000000000e+00
0.000000000000000000e+00
0.000000000000000000e+00
0.000000000000000000e+00
0.000000000000000000e+00
0.000000000000000000e+00
0.000000000000000000e+00
0.000000000000000000e+00
0.000000000000000000e+00
0.000000000000000000e+00
0.000000000000000000e+00
0.000000000000000000e+00
0.000000000000000000e+00
0.000000000000000000e+00
0.000000000000000000e+00
0.000000000000000000e+00
0.000000000000000000e+00
0.000000000000000000e+00
0.000000000000000000e+00
0.000000000000000000e+00
0.000000000000000000e+00
0.000000000000000000e+00
0.000000000000000000e+00
0.000000000000000000e+00
0.000000000000000000e+00
0.000000000000000000e+00
0.000000000000000000e+00
0.000000000000000000e+00
0.000000000000000000e+00
0.000000000000000000e+00
0.000000000000000000e+00
0.000000000000000000e+00
0.000000000000000000e+00
0.000000000000000000e+00
0.000000000000000000e+00
0.000000000000000000e+00
0.000000000000000000e+00
0.000000000000000000e+00
0.000000000000000000e+00
0.000000000000000000e+00
0.000000000000000000e+00
0.000000000000000000e+00
0.000000000000000000e+00
0.000000000000000000e+00
0.000000000000000000e+00
0.000000000000000000e+00
0.000000000000000000e+00
0.000000000000000000e+00
0.000000000000000000e+00
0.000000000000000000e+00
0.000000000000000000e+00
0.000000000000000000e+00
0.000000000000000000e+00
0.000000000000000000e+00
0.000000000000000000e+00
0.000000000000000000e+00
0.000000000000000000e+00
0.000000000000000000e+00
0.000000000000000000e+00
0.000000000000000000e+00
0.000000000000000000e+00
0.000000000000000000e+00
0.000000000000000000e+00
0.000000000000000000e+00
0.000000000000000000e+00
0.000000000000000000e+00
0.000000000000000000e+00
0.000000000000000000e+00
0.000000000000000000e+00
0.000000000000000000e+00
0.000000000000000000e+00
0.000000000000000000e+00
0.000000000000000000e+00
0.000000000000000000e+00
0.000000000000000000e+00
0.000000000000000000e+00
0.000000000000000000e+00
0.000000000000000000e+00
0.000000000000000000e+00
0.000000000000000000e+00
0.000000000000000000e+00
0.000000000000000000e+00
0.000000000000000000e+00
0.000000000000000000e+00
0.000000000000000000e+00
0.000000000000000000e+00
0.000000000000000000e+00
0.000000000000000000e+00
0.000000000000000000e+00
0.000000000000000000e+00
0.000000000000000000e+00
0.000000000000000000e+00
0.000000000000000000e+00
0.000000000000000000e+00
0.000000000000000000e+00
0.000000000000000000e+00
0.000000000000000000e+00
0.000000000000000000e+00
0.000000000000000000e+00
0.000000000000000000e+00
0.000000000000000000e+00
0.000000000000000000e+00
0.000000000000000000e+00
0.000000000000000000e+00
0.000000000000000000e+00
0.000000000000000000e+00
0.000000000000000000e+00
0.000000000000000000e+00
0.000000000000000000e+00
0.000000000000000000e+00
0.000000000000000000e+00
0.000000000000000000e+00
0.000000000000000000e+00
0.000000000000000000e+00
0.000000000000000000e+00
0.000000000000000000e+00
0.000000000000000000e+00
0.000000000000000000e+00
0.000000000000000000e+00
0.000000000000000000e+00
0.000000000000000000e+00
0.000000000000000000e+00
0.000000000000000000e+00
0.000000000000000000e+00
0.000000000000000000e+00
0.000000000000000000e+00
0.000000000000000000e+00
0.000000000000000000e+00
0.000000000000000000e+00
0.000000000000000000e+00
0.000000000000000000e+00
0.000000000000000000e+00
0.000000000000000000e+00
0.000000000000000000e+00
0.000000000000000000e+00
0.000000000000000000e+00
0.000000000000000000e+00
0.000000000000000000e+00
0.000000000000000000e+00
0.000000000000000000e+00
0.000000000000000000e+00
0.000000000000000000e+00
0.000000000000000000e+00
0.000000000000000000e+00
0.000000000000000000e+00
0.000000000000000000e+00
0.000000000000000000e+00
0.000000000000000000e+00
0.000000000000000000e+00
0.000000000000000000e+00
0.000000000000000000e+00
0.000000000000000000e+00
0.000000000000000000e+00
0.000000000000000000e+00
0.000000000000000000e+00
0.000000000000000000e+00
0.000000000000000000e+00
0.000000000000000000e+00
0.000000000000000000e+00
0.000000000000000000e+00
0.000000000000000000e+00
0.000000000000000000e+00
0.000000000000000000e+00
0.000000000000000000e+00
0.000000000000000000e+00
0.000000000000000000e+00
0.000000000000000000e+00
0.000000000000000000e+00
0.000000000000000000e+00
0.000000000000000000e+00
0.000000000000000000e+00
0.000000000000000000e+00
0.000000000000000000e+00
0.000000000000000000e+00
0.000000000000000000e+00
0.000000000000000000e+00
0.000000000000000000e+00
0.000000000000000000e+00
0.000000000000000000e+00
0.000000000000000000e+00
0.000000000000000000e+00
0.000000000000000000e+00
0.000000000000000000e+00
0.000000000000000000e+00
0.000000000000000000e+00
0.000000000000000000e+00
0.000000000000000000e+00
0.000000000000000000e+00
0.000000000000000000e+00
0.000000000000000000e+00
0.000000000000000000e+00
0.000000000000000000e+00
0.000000000000000000e+00
0.000000000000000000e+00
0.000000000000000000e+00
0.000000000000000000e+00
0.000000000000000000e+00
0.000000000000000000e+00
0.000000000000000000e+00
0.000000000000000000e+00
0.000000000000000000e+00
0.000000000000000000e+00
0.000000000000000000e+00
0.000000000000000000e+00
0.000000000000000000e+00
0.000000000000000000e+00
0.000000000000000000e+00
0.000000000000000000e+00
0.000000000000000000e+00
0.000000000000000000e+00
0.000000000000000000e+00
0.000000000000000000e+00
0.000000000000000000e+00
0.000000000000000000e+00
0.000000000000000000e+00
0.000000000000000000e+00
0.000000000000000000e+00
0.000000000000000000e+00
0.000000000000000000e+00
0.000000000000000000e+00
0.000000000000000000e+00
0.000000000000000000e+00
0.000000000000000000e+00
0.000000000000000000e+00
0.000000000000000000e+00
0.000000000000000000e+00
0.000000000000000000e+00
0.000000000000000000e+00
0.000000000000000000e+00
0.000000000000000000e+00
0.000000000000000000e+00
0.000000000000000000e+00
0.000000000000000000e+00
0.000000000000000000e+00
0.000000000000000000e+00
0.000000000000000000e+00
0.000000000000000000e+00
0.000000000000000000e+00
0.000000000000000000e+00
0.000000000000000000e+00
0.000000000000000000e+00
0.000000000000000000e+00
0.000000000000000000e+00
0.000000000000000000e+00
0.000000000000000000e+00
0.000000000000000000e+00
0.000000000000000000e+00
0.000000000000000000e+00
0.000000000000000000e+00
0.000000000000000000e+00
0.000000000000000000e+00
0.000000000000000000e+00
0.000000000000000000e+00
0.000000000000000000e+00
0.000000000000000000e+00
0.000000000000000000e+00
0.000000000000000000e+00
0.000000000000000000e+00
0.000000000000000000e+00
0.000000000000000000e+00
0.000000000000000000e+00
0.000000000000000000e+00
0.000000000000000000e+00
0.000000000000000000e+00
0.000000000000000000e+00
0.000000000000000000e+00
0.000000000000000000e+00
0.000000000000000000e+00
0.000000000000000000e+00
0.000000000000000000e+00
0.000000000000000000e+00
0.000000000000000000e+00
0.000000000000000000e+00
0.000000000000000000e+00
0.000000000000000000e+00
0.000000000000000000e+00
0.000000000000000000e+00
0.000000000000000000e+00
0.000000000000000000e+00
0.000000000000000000e+00
0.000000000000000000e+00
0.000000000000000000e+00
0.000000000000000000e+00
0.000000000000000000e+00
0.000000000000000000e+00
0.000000000000000000e+00
0.000000000000000000e+00
0.000000000000000000e+00
0.000000000000000000e+00
0.000000000000000000e+00
0.000000000000000000e+00
0.000000000000000000e+00
0.000000000000000000e+00
0.000000000000000000e+00
0.000000000000000000e+00
0.000000000000000000e+00
0.000000000000000000e+00
0.000000000000000000e+00
0.000000000000000000e+00
0.000000000000000000e+00
0.000000000000000000e+00
0.000000000000000000e+00
0.000000000000000000e+00
0.000000000000000000e+00
0.000000000000000000e+00
0.000000000000000000e+00
0.000000000000000000e+00
0.000000000000000000e+00
0.000000000000000000e+00
0.000000000000000000e+00
0.000000000000000000e+00
0.000000000000000000e+00
0.000000000000000000e+00
0.000000000000000000e+00
0.000000000000000000e+00
0.000000000000000000e+00
0.000000000000000000e+00
0.000000000000000000e+00
0.000000000000000000e+00
0.000000000000000000e+00
0.000000000000000000e+00
0.000000000000000000e+00
0.000000000000000000e+00
0.000000000000000000e+00
0.000000000000000000e+00
0.000000000000000000e+00
0.000000000000000000e+00
0.000000000000000000e+00
0.000000000000000000e+00
0.000000000000000000e+00
0.000000000000000000e+00
0.000000000000000000e+00
0.000000000000000000e+00
0.000000000000000000e+00
0.000000000000000000e+00
0.000000000000000000e+00
0.000000000000000000e+00
0.000000000000000000e+00
0.000000000000000000e+00
0.000000000000000000e+00
0.000000000000000000e+00
0.000000000000000000e+00
0.000000000000000000e+00
0.000000000000000000e+00
0.000000000000000000e+00
0.000000000000000000e+00
0.000000000000000000e+00
0.000000000000000000e+00
0.000000000000000000e+00
0.000000000000000000e+00
0.000000000000000000e+00
0.000000000000000000e+00
0.000000000000000000e+00
0.000000000000000000e+00
0.000000000000000000e+00
0.000000000000000000e+00
0.000000000000000000e+00
0.000000000000000000e+00
0.000000000000000000e+00
0.000000000000000000e+00
0.000000000000000000e+00
0.000000000000000000e+00
0.000000000000000000e+00
0.000000000000000000e+00
0.000000000000000000e+00
0.000000000000000000e+00
0.000000000000000000e+00
0.000000000000000000e+00
0.000000000000000000e+00
0.000000000000000000e+00
0.000000000000000000e+00
0.000000000000000000e+00
0.000000000000000000e+00
0.000000000000000000e+00
0.000000000000000000e+00
0.000000000000000000e+00
0.000000000000000000e+00
0.000000000000000000e+00
0.000000000000000000e+00
0.000000000000000000e+00
0.000000000000000000e+00
0.000000000000000000e+00
0.000000000000000000e+00
0.000000000000000000e+00
0.000000000000000000e+00
0.000000000000000000e+00
0.000000000000000000e+00
0.000000000000000000e+00
0.000000000000000000e+00
0.000000000000000000e+00
0.000000000000000000e+00
0.000000000000000000e+00
0.000000000000000000e+00
0.000000000000000000e+00
0.000000000000000000e+00
0.000000000000000000e+00
0.000000000000000000e+00
0.000000000000000000e+00
0.000000000000000000e+00
0.000000000000000000e+00
0.000000000000000000e+00
0.000000000000000000e+00
0.000000000000000000e+00
0.000000000000000000e+00
0.000000000000000000e+00
0.000000000000000000e+00
0.000000000000000000e+00
0.000000000000000000e+00
0.000000000000000000e+00
0.000000000000000000e+00
0.000000000000000000e+00
0.000000000000000000e+00
0.000000000000000000e+00
0.000000000000000000e+00
0.000000000000000000e+00
0.000000000000000000e+00
0.000000000000000000e+00
0.000000000000000000e+00
0.000000000000000000e+00
0.000000000000000000e+00
0.000000000000000000e+00
0.000000000000000000e+00
0.000000000000000000e+00
0.000000000000000000e+00
0.000000000000000000e+00
0.000000000000000000e+00
0.000000000000000000e+00
0.000000000000000000e+00
0.000000000000000000e+00
0.000000000000000000e+00
0.000000000000000000e+00
0.000000000000000000e+00
0.000000000000000000e+00
0.000000000000000000e+00
0.000000000000000000e+00
0.000000000000000000e+00
0.000000000000000000e+00
0.000000000000000000e+00
0.000000000000000000e+00
0.000000000000000000e+00
0.000000000000000000e+00
0.000000000000000000e+00
0.000000000000000000e+00
0.000000000000000000e+00
0.000000000000000000e+00
0.000000000000000000e+00
0.000000000000000000e+00
0.000000000000000000e+00
0.000000000000000000e+00
0.000000000000000000e+00
0.000000000000000000e+00
0.000000000000000000e+00
0.000000000000000000e+00
0.000000000000000000e+00
0.000000000000000000e+00
0.000000000000000000e+00
0.000000000000000000e+00
0.000000000000000000e+00
0.000000000000000000e+00
0.000000000000000000e+00
0.000000000000000000e+00
0.000000000000000000e+00
0.000000000000000000e+00
0.000000000000000000e+00
0.000000000000000000e+00
0.000000000000000000e+00
0.000000000000000000e+00
0.000000000000000000e+00
0.000000000000000000e+00
0.000000000000000000e+00
0.000000000000000000e+00
0.000000000000000000e+00
0.000000000000000000e+00
0.000000000000000000e+00
0.000000000000000000e+00
0.000000000000000000e+00
0.000000000000000000e+00
0.000000000000000000e+00
0.000000000000000000e+00
0.000000000000000000e+00
0.000000000000000000e+00
0.000000000000000000e+00
0.000000000000000000e+00
0.000000000000000000e+00
0.000000000000000000e+00
0.000000000000000000e+00
0.000000000000000000e+00
0.000000000000000000e+00
0.000000000000000000e+00
0.000000000000000000e+00
0.000000000000000000e+00
0.000000000000000000e+00
0.000000000000000000e+00
0.000000000000000000e+00
0.000000000000000000e+00
0.000000000000000000e+00
0.000000000000000000e+00
0.000000000000000000e+00
0.000000000000000000e+00
0.000000000000000000e+00
0.000000000000000000e+00
0.000000000000000000e+00
0.000000000000000000e+00
0.000000000000000000e+00
0.000000000000000000e+00
0.000000000000000000e+00
0.000000000000000000e+00
0.000000000000000000e+00
0.000000000000000000e+00
0.000000000000000000e+00
0.000000000000000000e+00
0.000000000000000000e+00
0.000000000000000000e+00
0.000000000000000000e+00
0.000000000000000000e+00
0.000000000000000000e+00
0.000000000000000000e+00
0.000000000000000000e+00
0.000000000000000000e+00
0.000000000000000000e+00
0.000000000000000000e+00
0.000000000000000000e+00
0.000000000000000000e+00
0.000000000000000000e+00
0.000000000000000000e+00
0.000000000000000000e+00
0.000000000000000000e+00
0.000000000000000000e+00
0.000000000000000000e+00
0.000000000000000000e+00
0.000000000000000000e+00
0.000000000000000000e+00
0.000000000000000000e+00
0.000000000000000000e+00
0.000000000000000000e+00
0.000000000000000000e+00
0.000000000000000000e+00
0.000000000000000000e+00
0.000000000000000000e+00
0.000000000000000000e+00
0.000000000000000000e+00
0.000000000000000000e+00
0.000000000000000000e+00
0.000000000000000000e+00
0.000000000000000000e+00
0.000000000000000000e+00
0.000000000000000000e+00
0.000000000000000000e+00
0.000000000000000000e+00
0.000000000000000000e+00
0.000000000000000000e+00
0.000000000000000000e+00
0.000000000000000000e+00
0.000000000000000000e+00
0.000000000000000000e+00
0.000000000000000000e+00
0.000000000000000000e+00
0.000000000000000000e+00
0.000000000000000000e+00
0.000000000000000000e+00
0.000000000000000000e+00
0.000000000000000000e+00
0.000000000000000000e+00
0.000000000000000000e+00
0.000000000000000000e+00
0.000000000000000000e+00
0.000000000000000000e+00
0.000000000000000000e+00
0.000000000000000000e+00
0.000000000000000000e+00
0.000000000000000000e+00
0.000000000000000000e+00
0.000000000000000000e+00
0.000000000000000000e+00
0.000000000000000000e+00
0.000000000000000000e+00
0.000000000000000000e+00
0.000000000000000000e+00
0.000000000000000000e+00
0.000000000000000000e+00
0.000000000000000000e+00
0.000000000000000000e+00
0.000000000000000000e+00
0.000000000000000000e+00
0.000000000000000000e+00
0.000000000000000000e+00
0.000000000000000000e+00
0.000000000000000000e+00
0.000000000000000000e+00
0.000000000000000000e+00
0.000000000000000000e+00
0.000000000000000000e+00
0.000000000000000000e+00
0.000000000000000000e+00
0.000000000000000000e+00
0.000000000000000000e+00
0.000000000000000000e+00
0.000000000000000000e+00
0.000000000000000000e+00
0.000000000000000000e+00
0.000000000000000000e+00
0.000000000000000000e+00
0.000000000000000000e+00
0.000000000000000000e+00
0.000000000000000000e+00
0.000000000000000000e+00
0.000000000000000000e+00
0.000000000000000000e+00
0.000000000000000000e+00
0.000000000000000000e+00
0.000000000000000000e+00
0.000000000000000000e+00
0.000000000000000000e+00
0.000000000000000000e+00
0.000000000000000000e+00
0.000000000000000000e+00
0.000000000000000000e+00
0.000000000000000000e+00
0.000000000000000000e+00
0.000000000000000000e+00
0.000000000000000000e+00
0.000000000000000000e+00
0.000000000000000000e+00
0.000000000000000000e+00
0.000000000000000000e+00
0.000000000000000000e+00
0.000000000000000000e+00
0.000000000000000000e+00
0.000000000000000000e+00
0.000000000000000000e+00
0.000000000000000000e+00
0.000000000000000000e+00
0.000000000000000000e+00
0.000000000000000000e+00
0.000000000000000000e+00
0.000000000000000000e+00
0.000000000000000000e+00
0.000000000000000000e+00
0.000000000000000000e+00
0.000000000000000000e+00
0.000000000000000000e+00
0.000000000000000000e+00
0.000000000000000000e+00
0.000000000000000000e+00
0.000000000000000000e+00
0.000000000000000000e+00
0.000000000000000000e+00
0.000000000000000000e+00
0.000000000000000000e+00
0.000000000000000000e+00
0.000000000000000000e+00
0.000000000000000000e+00
0.000000000000000000e+00
0.000000000000000000e+00
0.000000000000000000e+00
0.000000000000000000e+00
0.000000000000000000e+00
0.000000000000000000e+00
0.000000000000000000e+00
0.000000000000000000e+00
0.000000000000000000e+00
0.000000000000000000e+00
0.000000000000000000e+00
0.000000000000000000e+00
0.000000000000000000e+00
0.000000000000000000e+00
0.000000000000000000e+00
0.000000000000000000e+00
0.000000000000000000e+00
0.000000000000000000e+00
0.000000000000000000e+00
0.000000000000000000e+00
0.000000000000000000e+00
0.000000000000000000e+00
0.000000000000000000e+00
0.000000000000000000e+00
0.000000000000000000e+00
0.000000000000000000e+00
0.000000000000000000e+00
0.000000000000000000e+00
0.000000000000000000e+00
0.000000000000000000e+00
0.000000000000000000e+00
0.000000000000000000e+00
0.000000000000000000e+00
0.000000000000000000e+00
0.000000000000000000e+00
0.000000000000000000e+00
0.000000000000000000e+00
0.000000000000000000e+00
0.000000000000000000e+00
0.000000000000000000e+00
0.000000000000000000e+00
0.000000000000000000e+00
0.000000000000000000e+00
0.000000000000000000e+00
0.000000000000000000e+00
0.000000000000000000e+00
0.000000000000000000e+00
0.000000000000000000e+00
0.000000000000000000e+00
0.000000000000000000e+00
0.000000000000000000e+00
0.000000000000000000e+00
0.000000000000000000e+00
0.000000000000000000e+00
0.000000000000000000e+00
0.000000000000000000e+00
0.000000000000000000e+00
0.000000000000000000e+00
0.000000000000000000e+00
0.000000000000000000e+00
0.000000000000000000e+00
0.000000000000000000e+00
0.000000000000000000e+00
0.000000000000000000e+00
0.000000000000000000e+00
0.000000000000000000e+00
0.000000000000000000e+00
0.000000000000000000e+00
0.000000000000000000e+00
0.000000000000000000e+00
0.000000000000000000e+00
0.000000000000000000e+00
0.000000000000000000e+00
0.000000000000000000e+00
0.000000000000000000e+00
0.000000000000000000e+00
0.000000000000000000e+00
0.000000000000000000e+00
0.000000000000000000e+00
0.000000000000000000e+00
0.000000000000000000e+00
0.000000000000000000e+00
0.000000000000000000e+00
0.000000000000000000e+00
0.000000000000000000e+00
0.000000000000000000e+00
0.000000000000000000e+00
0.000000000000000000e+00
0.000000000000000000e+00
0.000000000000000000e+00
0.000000000000000000e+00
0.000000000000000000e+00
0.000000000000000000e+00
0.000000000000000000e+00
0.000000000000000000e+00
0.000000000000000000e+00
0.000000000000000000e+00
0.000000000000000000e+00
0.000000000000000000e+00
0.000000000000000000e+00
0.000000000000000000e+00
0.000000000000000000e+00
0.000000000000000000e+00
0.000000000000000000e+00
0.000000000000000000e+00
0.000000000000000000e+00
0.000000000000000000e+00
0.000000000000000000e+00
0.000000000000000000e+00
0.000000000000000000e+00
0.000000000000000000e+00
0.000000000000000000e+00
0.000000000000000000e+00
0.000000000000000000e+00
0.000000000000000000e+00
0.000000000000000000e+00
0.000000000000000000e+00
0.000000000000000000e+00
0.000000000000000000e+00
0.000000000000000000e+00
0.000000000000000000e+00
0.000000000000000000e+00
0.000000000000000000e+00
0.000000000000000000e+00
0.000000000000000000e+00
0.000000000000000000e+00
0.000000000000000000e+00
0.000000000000000000e+00
0.000000000000000000e+00
0.000000000000000000e+00
0.000000000000000000e+00
0.000000000000000000e+00
0.000000000000000000e+00
0.000000000000000000e+00
0.000000000000000000e+00
0.000000000000000000e+00
0.000000000000000000e+00
0.000000000000000000e+00
0.000000000000000000e+00
0.000000000000000000e+00
0.000000000000000000e+00
0.000000000000000000e+00
0.000000000000000000e+00
0.000000000000000000e+00
0.000000000000000000e+00
0.000000000000000000e+00
0.000000000000000000e+00
0.000000000000000000e+00
0.000000000000000000e+00
0.000000000000000000e+00
0.000000000000000000e+00
0.000000000000000000e+00
0.000000000000000000e+00
0.000000000000000000e+00
0.000000000000000000e+00
0.000000000000000000e+00
0.000000000000000000e+00
0.000000000000000000e+00
0.000000000000000000e+00
0.000000000000000000e+00
0.000000000000000000e+00
0.000000000000000000e+00
0.000000000000000000e+00
0.000000000000000000e+00
0.000000000000000000e+00
0.000000000000000000e+00
0.000000000000000000e+00
0.000000000000000000e+00
0.000000000000000000e+00
0.000000000000000000e+00
0.000000000000000000e+00
0.000000000000000000e+00
0.000000000000000000e+00
0.000000000000000000e+00
0.000000000000000000e+00
0.000000000000000000e+00
0.000000000000000000e+00
0.000000000000000000e+00
0.000000000000000000e+00
0.000000000000000000e+00
0.000000000000000000e+00
0.000000000000000000e+00
0.000000000000000000e+00
0.000000000000000000e+00
0.000000000000000000e+00
0.000000000000000000e+00
0.000000000000000000e+00
0.000000000000000000e+00
0.000000000000000000e+00
0.000000000000000000e+00
0.000000000000000000e+00
0.000000000000000000e+00
0.000000000000000000e+00
0.000000000000000000e+00
0.000000000000000000e+00
0.000000000000000000e+00
0.000000000000000000e+00
0.000000000000000000e+00
0.000000000000000000e+00
0.000000000000000000e+00
0.000000000000000000e+00
0.000000000000000000e+00
0.000000000000000000e+00
0.000000000000000000e+00
0.000000000000000000e+00
0.000000000000000000e+00
0.000000000000000000e+00
0.000000000000000000e+00
0.000000000000000000e+00
0.000000000000000000e+00
0.000000000000000000e+00
0.000000000000000000e+00
0.000000000000000000e+00
0.000000000000000000e+00
0.000000000000000000e+00
0.000000000000000000e+00
0.000000000000000000e+00
0.000000000000000000e+00
0.000000000000000000e+00
0.000000000000000000e+00
0.000000000000000000e+00
0.000000000000000000e+00
0.000000000000000000e+00
0.000000000000000000e+00
0.000000000000000000e+00
0.000000000000000000e+00
0.000000000000000000e+00
0.000000000000000000e+00
0.000000000000000000e+00
0.000000000000000000e+00
0.000000000000000000e+00
0.000000000000000000e+00
0.000000000000000000e+00
0.000000000000000000e+00
0.000000000000000000e+00
0.000000000000000000e+00
0.000000000000000000e+00
0.000000000000000000e+00
0.000000000000000000e+00
0.000000000000000000e+00
0.000000000000000000e+00
0.000000000000000000e+00
0.000000000000000000e+00
0.000000000000000000e+00
0.000000000000000000e+00
0.000000000000000000e+00
0.000000000000000000e+00
0.000000000000000000e+00
0.000000000000000000e+00
0.000000000000000000e+00
0.000000000000000000e+00
0.000000000000000000e+00
0.000000000000000000e+00
0.000000000000000000e+00
0.000000000000000000e+00
0.000000000000000000e+00
0.000000000000000000e+00
0.000000000000000000e+00
0.000000000000000000e+00
0.000000000000000000e+00
0.000000000000000000e+00
0.000000000000000000e+00
0.000000000000000000e+00
0.000000000000000000e+00
0.000000000000000000e+00
0.000000000000000000e+00
0.000000000000000000e+00
0.000000000000000000e+00
0.000000000000000000e+00
0.000000000000000000e+00
0.000000000000000000e+00
0.000000000000000000e+00
0.000000000000000000e+00
0.000000000000000000e+00
0.000000000000000000e+00
0.000000000000000000e+00
0.000000000000000000e+00
0.000000000000000000e+00
0.000000000000000000e+00
0.000000000000000000e+00
0.000000000000000000e+00
0.000000000000000000e+00
0.000000000000000000e+00
0.000000000000000000e+00
0.000000000000000000e+00
0.000000000000000000e+00
0.000000000000000000e+00
0.000000000000000000e+00
0.000000000000000000e+00
0.000000000000000000e+00
0.000000000000000000e+00
0.000000000000000000e+00
0.000000000000000000e+00
0.000000000000000000e+00
0.000000000000000000e+00
0.000000000000000000e+00
0.000000000000000000e+00
0.000000000000000000e+00
0.000000000000000000e+00
0.000000000000000000e+00
0.000000000000000000e+00
0.000000000000000000e+00
0.000000000000000000e+00
0.000000000000000000e+00
0.000000000000000000e+00
0.000000000000000000e+00
0.000000000000000000e+00
0.000000000000000000e+00
0.000000000000000000e+00
0.000000000000000000e+00
0.000000000000000000e+00
0.000000000000000000e+00
0.000000000000000000e+00
0.000000000000000000e+00
0.000000000000000000e+00
0.000000000000000000e+00
0.000000000000000000e+00
0.000000000000000000e+00
0.000000000000000000e+00
0.000000000000000000e+00
0.000000000000000000e+00
0.000000000000000000e+00
0.000000000000000000e+00
0.000000000000000000e+00
0.000000000000000000e+00
0.000000000000000000e+00
0.000000000000000000e+00
0.000000000000000000e+00
0.000000000000000000e+00
0.000000000000000000e+00
0.000000000000000000e+00
0.000000000000000000e+00
0.000000000000000000e+00
0.000000000000000000e+00
0.000000000000000000e+00
0.000000000000000000e+00
0.000000000000000000e+00
0.000000000000000000e+00
0.000000000000000000e+00
0.000000000000000000e+00
0.000000000000000000e+00
0.000000000000000000e+00
0.000000000000000000e+00
0.000000000000000000e+00
0.000000000000000000e+00
0.000000000000000000e+00
0.000000000000000000e+00
0.000000000000000000e+00
0.000000000000000000e+00
0.000000000000000000e+00
0.000000000000000000e+00
0.000000000000000000e+00
0.000000000000000000e+00
0.000000000000000000e+00
0.000000000000000000e+00
0.000000000000000000e+00
0.000000000000000000e+00
0.000000000000000000e+00
0.000000000000000000e+00
0.000000000000000000e+00
0.000000000000000000e+00
0.000000000000000000e+00
0.000000000000000000e+00
0.000000000000000000e+00
0.000000000000000000e+00
0.000000000000000000e+00
0.000000000000000000e+00
0.000000000000000000e+00
0.000000000000000000e+00
0.000000000000000000e+00
0.000000000000000000e+00
0.000000000000000000e+00
0.000000000000000000e+00
0.000000000000000000e+00
0.000000000000000000e+00
0.000000000000000000e+00
0.000000000000000000e+00
0.000000000000000000e+00
0.000000000000000000e+00
0.000000000000000000e+00
0.000000000000000000e+00
0.000000000000000000e+00
0.000000000000000000e+00
0.000000000000000000e+00
0.000000000000000000e+00
0.000000000000000000e+00
0.000000000000000000e+00
0.000000000000000000e+00
0.000000000000000000e+00
0.000000000000000000e+00
0.000000000000000000e+00
0.000000000000000000e+00
0.000000000000000000e+00
0.000000000000000000e+00
0.000000000000000000e+00
0.000000000000000000e+00
0.000000000000000000e+00
0.000000000000000000e+00
0.000000000000000000e+00
0.000000000000000000e+00
0.000000000000000000e+00
0.000000000000000000e+00
0.000000000000000000e+00
0.000000000000000000e+00
0.000000000000000000e+00
0.000000000000000000e+00
0.000000000000000000e+00
0.000000000000000000e+00
0.000000000000000000e+00
0.000000000000000000e+00
0.000000000000000000e+00
0.000000000000000000e+00
0.000000000000000000e+00
0.000000000000000000e+00
0.000000000000000000e+00
0.000000000000000000e+00
0.000000000000000000e+00
0.000000000000000000e+00
0.000000000000000000e+00
0.000000000000000000e+00
0.000000000000000000e+00
0.000000000000000000e+00
0.000000000000000000e+00
0.000000000000000000e+00
0.000000000000000000e+00
0.000000000000000000e+00
0.000000000000000000e+00
0.000000000000000000e+00
0.000000000000000000e+00
0.000000000000000000e+00
0.000000000000000000e+00
0.000000000000000000e+00
0.000000000000000000e+00
0.000000000000000000e+00
0.000000000000000000e+00
0.000000000000000000e+00
0.000000000000000000e+00
0.000000000000000000e+00
0.000000000000000000e+00
0.000000000000000000e+00
0.000000000000000000e+00
0.000000000000000000e+00
0.000000000000000000e+00
0.000000000000000000e+00
0.000000000000000000e+00
0.000000000000000000e+00
0.000000000000000000e+00
0.000000000000000000e+00
0.000000000000000000e+00
0.000000000000000000e+00
0.000000000000000000e+00
0.000000000000000000e+00
0.000000000000000000e+00
0.000000000000000000e+00
0.000000000000000000e+00
0.000000000000000000e+00
0.000000000000000000e+00
0.000000000000000000e+00
0.000000000000000000e+00
0.000000000000000000e+00
0.000000000000000000e+00
0.000000000000000000e+00
0.000000000000000000e+00
0.000000000000000000e+00
0.000000000000000000e+00
0.000000000000000000e+00
0.000000000000000000e+00
0.000000000000000000e+00
0.000000000000000000e+00
0.000000000000000000e+00
0.000000000000000000e+00
0.000000000000000000e+00
0.000000000000000000e+00
0.000000000000000000e+00
0.000000000000000000e+00
0.000000000000000000e+00
0.000000000000000000e+00
0.000000000000000000e+00
0.000000000000000000e+00
0.000000000000000000e+00
0.000000000000000000e+00
0.000000000000000000e+00
0.000000000000000000e+00
0.000000000000000000e+00
0.000000000000000000e+00
0.000000000000000000e+00
0.000000000000000000e+00
0.000000000000000000e+00
0.000000000000000000e+00
0.000000000000000000e+00
0.000000000000000000e+00
0.000000000000000000e+00
0.000000000000000000e+00
0.000000000000000000e+00
0.000000000000000000e+00
0.000000000000000000e+00
0.000000000000000000e+00
0.000000000000000000e+00
0.000000000000000000e+00
0.000000000000000000e+00
0.000000000000000000e+00
0.000000000000000000e+00
0.000000000000000000e+00
0.000000000000000000e+00
0.000000000000000000e+00
0.000000000000000000e+00
0.000000000000000000e+00
0.000000000000000000e+00
0.000000000000000000e+00
0.000000000000000000e+00
0.000000000000000000e+00
0.000000000000000000e+00
0.000000000000000000e+00
0.000000000000000000e+00
0.000000000000000000e+00
0.000000000000000000e+00
0.000000000000000000e+00
0.000000000000000000e+00
0.000000000000000000e+00
0.000000000000000000e+00
0.000000000000000000e+00
0.000000000000000000e+00
0.000000000000000000e+00
0.000000000000000000e+00
0.000000000000000000e+00
0.000000000000000000e+00
0.000000000000000000e+00
0.000000000000000000e+00
0.000000000000000000e+00
0.000000000000000000e+00
0.000000000000000000e+00
0.000000000000000000e+00
0.000000000000000000e+00
0.000000000000000000e+00
0.000000000000000000e+00
0.000000000000000000e+00
0.000000000000000000e+00
0.000000000000000000e+00
0.000000000000000000e+00
0.000000000000000000e+00
0.000000000000000000e+00
0.000000000000000000e+00
0.000000000000000000e+00
0.000000000000000000e+00
0.000000000000000000e+00
0.000000000000000000e+00
0.000000000000000000e+00
0.000000000000000000e+00
0.000000000000000000e+00
0.000000000000000000e+00
0.000000000000000000e+00
0.000000000000000000e+00
0.000000000000000000e+00
0.000000000000000000e+00
0.000000000000000000e+00
0.000000000000000000e+00
0.000000000000000000e+00
0.000000000000000000e+00
0.000000000000000000e+00
0.000000000000000000e+00
0.000000000000000000e+00
0.000000000000000000e+00
0.000000000000000000e+00
0.000000000000000000e+00
0.000000000000000000e+00
0.000000000000000000e+00
0.000000000000000000e+00
0.000000000000000000e+00
0.000000000000000000e+00
0.000000000000000000e+00
0.000000000000000000e+00
0.000000000000000000e+00
0.000000000000000000e+00
0.000000000000000000e+00
0.000000000000000000e+00
0.000000000000000000e+00
0.000000000000000000e+00
0.000000000000000000e+00
0.000000000000000000e+00
0.000000000000000000e+00
0.000000000000000000e+00
0.000000000000000000e+00
0.000000000000000000e+00
0.000000000000000000e+00
0.000000000000000000e+00
0.000000000000000000e+00
0.000000000000000000e+00
0.000000000000000000e+00
0.000000000000000000e+00
0.000000000000000000e+00
0.000000000000000000e+00
0.000000000000000000e+00
0.000000000000000000e+00
0.000000000000000000e+00
0.000000000000000000e+00
0.000000000000000000e+00
0.000000000000000000e+00
0.000000000000000000e+00
0.000000000000000000e+00
0.000000000000000000e+00
0.000000000000000000e+00
0.000000000000000000e+00
0.000000000000000000e+00
0.000000000000000000e+00
0.000000000000000000e+00
0.000000000000000000e+00
0.000000000000000000e+00
0.000000000000000000e+00
0.000000000000000000e+00
0.000000000000000000e+00
0.000000000000000000e+00
0.000000000000000000e+00
0.000000000000000000e+00
0.000000000000000000e+00
0.000000000000000000e+00
0.000000000000000000e+00
0.000000000000000000e+00
0.000000000000000000e+00
0.000000000000000000e+00
0.000000000000000000e+00
0.000000000000000000e+00
0.000000000000000000e+00
0.000000000000000000e+00
0.000000000000000000e+00
0.000000000000000000e+00
0.000000000000000000e+00
0.000000000000000000e+00
0.000000000000000000e+00
0.000000000000000000e+00
0.000000000000000000e+00
0.000000000000000000e+00
0.000000000000000000e+00
0.000000000000000000e+00
0.000000000000000000e+00
0.000000000000000000e+00
0.000000000000000000e+00
0.000000000000000000e+00
0.000000000000000000e+00
0.000000000000000000e+00
0.000000000000000000e+00
0.000000000000000000e+00
0.000000000000000000e+00
0.000000000000000000e+00
0.000000000000000000e+00
0.000000000000000000e+00
0.000000000000000000e+00
0.000000000000000000e+00
0.000000000000000000e+00
0.000000000000000000e+00
0.000000000000000000e+00
0.000000000000000000e+00
0.000000000000000000e+00
0.000000000000000000e+00
0.000000000000000000e+00
0.000000000000000000e+00
0.000000000000000000e+00
0.000000000000000000e+00
0.000000000000000000e+00
0.000000000000000000e+00
0.000000000000000000e+00
0.000000000000000000e+00
0.000000000000000000e+00
0.000000000000000000e+00
0.000000000000000000e+00
0.000000000000000000e+00
0.000000000000000000e+00
0.000000000000000000e+00
0.000000000000000000e+00
0.000000000000000000e+00
0.000000000000000000e+00
0.000000000000000000e+00
0.000000000000000000e+00
0.000000000000000000e+00
0.000000000000000000e+00
0.000000000000000000e+00
0.000000000000000000e+00
0.000000000000000000e+00
0.000000000000000000e+00
0.000000000000000000e+00
0.000000000000000000e+00
0.000000000000000000e+00
0.000000000000000000e+00
0.000000000000000000e+00
0.000000000000000000e+00
0.000000000000000000e+00
0.000000000000000000e+00
0.000000000000000000e+00
0.000000000000000000e+00
0.000000000000000000e+00
0.000000000000000000e+00
0.000000000000000000e+00
0.000000000000000000e+00
0.000000000000000000e+00
0.000000000000000000e+00
0.000000000000000000e+00
0.000000000000000000e+00
0.000000000000000000e+00
0.000000000000000000e+00
