1.700164333269490000e+15
1.700164333428949000e+15
1.700164333585641000e+15
1.700164333736127000e+15
1.700164333895706000e+15
1.700164334055508000e+15
1.700164334215085000e+15
1.700164334374738000e+15
1.700164334534391000e+15
1.700164334694042000e+15
1.700164334853952000e+15
1.700164335010524000e+15
1.700164335160883000e+15
1.700164335320553000e+15
1.700164335477153000e+15
1.700164335627408000e+15
1.700164335786997000e+15
1.700164335946975000e+15
1.700164336103402000e+15
1.700164336254111000e+15
1.700164336413572000e+15
1.700164336573218000e+15
1.700164336732990000e+15
1.700164336892600000e+15
1.700164337049168000e+15
1.700164337199729000e+15
1.700164337359343000e+15
1.700164337515712000e+15
1.700164337666294000e+15
1.700164337825959000e+15
1.700164337985667000e+15
1.700164338142258000e+15
1.700164338292801000e+15
1.700164338452557000e+15
1.700164338609007000e+15
1.700164338759413000e+15
1.700164338918963000e+15
1.700164339078934000e+15
1.700164339235455000e+15
1.700164339385830000e+15
1.700164339545516000e+15
1.700164339702180000e+15
1.700164339852485000e+15
1.700164340012204000e+15
1.700164340172032000e+15
1.700164340328519000e+15
1.700164340479082000e+15
1.700164340638685000e+15
1.700164340798340000e+15
1.700164340955013000e+15
1.700164341105240000e+15
1.700164341265076000e+15
1.700164341424827000e+15
1.700164341584501000e+15
1.700164341744033000e+15
1.700164341900479000e+15
1.700164342050973000e+15
1.700164342210673000e+15
1.700164342367356000e+15
1.700164342517922000e+15
1.700164342677547000e+15
1.700164342837134000e+15
1.700164342997030000e+15
1.700164343153593000e+15
1.700164343303865000e+15
1.700164343463546000e+15
1.700164343623190000e+15
1.700164343779983000e+15
1.700164343930293000e+15
1.700164344090012000e+15
1.700164344249667000e+15
1.700164344406109000e+15
1.700164344556831000e+15
1.700164344716366000e+15
1.700164344875964000e+15
1.700164345032668000e+15
1.700164345183308000e+15
1.700164345342791000e+15
1.700164345502247000e+15
1.700164345662069000e+15
1.700164345821886000e+15
1.700164345981524000e+15
1.700164346137996000e+15
1.700164346288399000e+15
1.700164346447969000e+15
1.700164346607826000e+15
1.700164346764401000e+15
1.700164346914864000e+15
1.700164347074524000e+15
1.700164347234219000e+15
1.700164347391112000e+15
1.700164347541301000e+15
1.700164347700938000e+15
1.700164347857663000e+15
1.700164348007944000e+15
1.700164348167700000e+15
1.700164348327291000e+15
1.700164348487034000e+15
1.700164348643590000e+15
1.700164348794170000e+15
1.700164348953822000e+15
1.700164349113367000e+15
1.700164349270067000e+15
1.700164349420335000e+15
1.700164349580389000e+15
1.700164349739879000e+15
1.700164349896243000e+15
1.700164350046727000e+15
1.700164350206553000e+15
1.700164350363046000e+15
1.700164350513599000e+15
1.700164350673372000e+15
1.700164350832884000e+15
1.700164350989394000e+15
1.700164351139920000e+15
1.700164351299319000e+15
1.700164351459176000e+15
1.700164351616008000e+15
1.700164351766338000e+15
1.700164351925854000e+15
1.700164352082472000e+15
1.700164352233174000e+15
1.700164352392712000e+15
1.700164352552292000e+15
1.700164352712341000e+15
1.700164352868845000e+15
1.700164353019138000e+15
1.700164353178831000e+15
1.700164353335507000e+15
1.700164353485820000e+15
1.700164353645491000e+15
1.700164353802307000e+15
1.700164353952678000e+15
1.700164354112490000e+15
1.700164354272112000e+15
1.700164354431658000e+15
1.700164354588182000e+15
1.700164354738662000e+15
1.700164354898417000e+15
1.700164355058095000e+15
1.700164355214465000e+15
1.700164355364979000e+15
1.700164355524675000e+15
1.700164355684374000e+15
1.700164355843907000e+15
1.700164356000508000e+15
1.700164356151185000e+15
1.700164356310562000e+15
1.700164356467335000e+15
1.700164356617871000e+15
1.700164356778101000e+15
1.700164356935862000e+15
1.700164357084584000e+15
1.700164357244202000e+15
1.700164357403839000e+15
1.700164357560399000e+15
1.700164357710969000e+15
1.700164357870466000e+15
1.700164358027162000e+15
1.700164358177651000e+15
1.700164358337354000e+15
1.700164358497755000e+15
1.700164358656003000e+15
1.700164358804235000e+15
1.700164358963852000e+15
1.700164359123502000e+15
1.700164359283166000e+15
1.700164359439482000e+15
1.700164359590135000e+15
1.700164359749746000e+15
1.700164359909625000e+15
1.700164360069156000e+15
1.700164360225624000e+15
1.700164360376068000e+15
1.700164360535678000e+15
1.700164360695438000e+15
1.700164360852270000e+15
1.700164361002595000e+15
1.700164361162329000e+15
1.700164361318909000e+15
1.700164361469200000e+15
1.700164361629081000e+15
1.700164361788546000e+15
1.700164361948449000e+15
1.700164362108201000e+15
1.700164362264517000e+15
1.700164362415252000e+15
1.700164362574592000e+15
1.700164362731222000e+15
1.700164362881596000e+15
1.700164363041412000e+15
1.700164363201094000e+15
1.700164363357811000e+15
1.700164363508160000e+15
1.700164363667668000e+15
1.700164363824488000e+15
1.700164363974743000e+15
1.700164364134721000e+15
1.700164364294357000e+15
1.700164364453830000e+15
1.700164364610425000e+15
1.700164364760987000e+15
1.700164364920671000e+15
1.700164365080193000e+15
1.700164365239866000e+15
1.700164365396608000e+15
1.700164365546983000e+15
1.700164365706562000e+15
1.700164365866358000e+15
1.700164366023161000e+15
1.700164366173359000e+15
1.700164366333046000e+15
1.700164366492705000e+15
1.700164366652505000e+15
1.700164366812109000e+15
1.700164366968602000e+15
1.700164367119116000e+15
1.700164367278812000e+15
1.700164367438377000e+15
1.700164367595267000e+15
1.700164367745549000e+15
1.700164367905364000e+15
1.700164368061855000e+15
1.700164368212120000e+15
1.700164368371895000e+15
1.700164368531726000e+15
1.700164368688207000e+15
1.700164368838766000e+15
1.700164368998464000e+15
1.700164369158042000e+15
1.700164369314714000e+15
1.700164369465092000e+15
1.700164369624687000e+15
1.700164369784587000e+15
1.700164369940853000e+15
1.700164370091399000e+15
1.700164370250938000e+15
1.700164370410811000e+15
1.700164370567537000e+15
1.700164370717948000e+15
1.700164370877533000e+15
1.700164371037152000e+15
1.700164371196829000e+15
1.700164371353652000e+15
1.700164371504030000e+15
1.700164371663692000e+15
1.700164371823347000e+15
1.700164371982800000e+15
1.700164372139643000e+15
1.700164372289740000e+15
1.700164372449546000e+15
1.700164372609275000e+15
1.700164372765848000e+15
1.700164372916574000e+15
1.700164373076169000e+15
1.700164373235818000e+15
1.700164373392479000e+15
1.700164373542838000e+15
1.700164373702523000e+15
1.700164373861955000e+15
1.700164374021817000e+15
1.700164374178297000e+15
1.700164374328787000e+15
1.700164374488424000e+15
1.700164374648144000e+15
