-2.482401614543050528e-04
-1.216336619108915329e-03
1.535060931928455830e-03
-9.379622060805559158e-04
-8.386832196265459061e-04
2.617862191982567310e-04
3.372179053258150816e-04
1.899690134450793266e-03
-3.533806651830673218e-03
-1.392346923239529133e-03
-1.841846737079322338e-03
-6.313851918093860149e-04
-2.462512020429130644e-05
3.986497467849403620e-04
6.043530884198844433e-04
-3.396277024876326323e-04
9.179000626318156719e-04
5.730543052777647972e-04
-1.350197242572903633e-03
-1.436556573025882244e-03
-1.228921348229050636e-03
-4.506026452872902155e-04
1.274307724088430405e-04
7.530755246989428997e-04
8.274023421108722687e-04
2.337671758141368628e-04
2.150538144633173943e-03
1.536359312012791634e-03
-2.669244422577321529e-04
-2.825992996804416180e-04
7.972212624736130238e-04
-4.792911349795758724e-04
1.882607932202517986e-03
1.095527200959622860e-03
-1.920994720421731472e-03
5.152937374077737331e-04
1.263805665075778961e-03
1.049622078426182270e-03
3.086423268541693687e-03
4.749937448650598526e-03
1.430981443263590336e-03
-2.418126445263624191e-03
-4.124027211219072342e-03
-2.416569273918867111e-03
-8.319640182889997959e-04
2.252673031762242317e-03
-8.090668125078082085e-04
-4.056646139360964298e-05
-2.641253813635557890e-04
-2.981153782457113266e-03
-7.637144066393375397e-03
-6.912032142281532288e-03
-1.542713046073913574e-01
-3.560220897197723389e-01
-5.941666960716247559e-01
-8.532547950744628906e-01
-1.076098918914794922e+00
-1.211906433105468750e+00
-1.299678921699523926e+00
-1.360445976257324219e+00
-1.414737224578857422e+00
-1.466333866119384766e+00
-1.509884476661682129e+00
-1.550760030746459961e+00
-1.583081722259521484e+00
-1.614420294761657715e+00
-1.648576021194458008e+00
-1.683645486831665039e+00
-1.717128634452819824e+00
-1.750439286231994629e+00
-1.746322393417358398e+00
-1.613639950752258301e+00
-1.432492136955261230e+00
-1.197072029113769531e+00
-9.377210736274719238e-01
-6.661272048950195312e-01
-4.523661732673645020e-01
-3.257440924644470215e-01
-2.340758442878723145e-01
-1.718135178089141846e-01
-1.177162081003189087e-01
-7.250855118036270142e-02
-3.810223191976547241e-02
-3.649699501693248749e-03
3.141380846500396729e-02
6.667850911617279053e-02
1.008153855800628662e-01
1.360828578472137451e-01
1.699841916561126709e-01
2.065428793430328369e-01
3.175588846206665039e-01
4.900364279747009277e-01
7.139093279838562012e-01
9.519087076187133789e-01
1.112978577613830566e+00
1.229149937629699707e+00
1.310276508331298828e+00
1.371637105941772461e+00
1.416709423065185547e+00
1.454340100288391113e+00
1.486844301223754883e+00
1.515784263610839844e+00
1.532766819000244141e+00
1.551132082939147949e+00
1.565917134284973145e+00
1.582786917686462402e+00
1.596030354499816895e+00
1.602670907974243164e+00
1.609661579132080078e+00
1.615673065185546875e+00
1.624021172523498535e+00
1.631821155548095703e+00
1.641736030578613281e+00
1.642108440399169922e+00
1.646736264228820801e+00
1.649446606636047363e+00
1.655049324035644531e+00
1.663846731185913086e+00
1.669394493103027344e+00
1.671973347663879395e+00
1.676068186759948730e+00
1.679441690444946289e+00
1.648612022399902344e+00
1.503080248832702637e+00
1.299184560775756836e+00
1.062582731246948242e+00
8.144838213920593262e-01
5.443831086158752441e-01
3.913001120090484619e-01
2.893612682819366455e-01
2.128395885229110718e-01
1.556162387132644653e-01
1.123523488640785217e-01
7.393714040517807007e-02
3.340228646993637085e-02
-4.226869437843561172e-03
-3.629110008478164673e-02
-6.889844685792922974e-02
-1.000205874443054199e-01
-1.303507685661315918e-01
-1.566551625728607178e-01
-1.910316199064254761e-01
-2.970902025699615479e-01
-4.859156906604766846e-01
-7.129542231559753418e-01
-9.539170265197753906e-01
-1.119817376136779785e+00
-1.233382105827331543e+00
-1.312341690063476562e+00
-1.376495480537414551e+00
-1.426338791847229004e+00
-1.460693597793579102e+00
-1.490518331527709961e+00
-1.512013673782348633e+00
-1.539667129516601562e+00
-1.554757118225097656e+00
-1.566436171531677246e+00
-1.578234791755676270e+00
-1.589495182037353516e+00
-1.604384303092956543e+00
-1.613824605941772461e+00
-1.625154972076416016e+00
-1.629712939262390137e+00
-1.615173220634460449e+00
-1.438755989074707031e+00
-1.444399714469909668e+00
-1.498599886894226074e+00
-1.542197108268737793e+00
-1.567007541656494141e+00
-1.610340952873229980e+00
-1.663239479064941406e+00
-1.702849984169006348e+00
-1.768403887748718262e+00
-1.823285102844238281e+00
-1.760585546493530273e+00
-1.604907751083374023e+00
-1.403194904327392578e+00
-1.173765659332275391e+00
-9.088642001152038574e-01
-6.335807442665100098e-01
-4.463693201541900635e-01
-3.176807165145874023e-01
-2.300014793872833252e-01
-1.636001467704772949e-01
-1.104290187358856201e-01
-6.668391078710556030e-02
-2.834818512201309204e-02
1.193190459161996841e-02
4.799339547753334045e-02
8.369229733943939209e-02
1.242979764938354492e-01
1.625055521726608276e-01
2.015639692544937134e-01
2.340568751096725464e-01
3.930771350860595703e-01
5.963279008865356445e-01
8.168028593063354492e-01
1.022433876991271973e+00
1.155095458030700684e+00
1.249179482460021973e+00
1.323912620544433594e+00
1.383149862289428711e+00
1.439604640007019043e+00
1.485339879989624023e+00
1.528113007545471191e+00
1.567308306694030762e+00
1.599849343299865723e+00
1.639489054679870605e+00
1.676378369331359863e+00
1.711358547210693359e+00
1.745131254196166992e+00
1.785736322402954102e+00
1.790950894355773926e+00
1.652708292007446289e+00
1.456000089645385742e+00
1.226556897163391113e+00
9.853103756904602051e-01
7.083017230033874512e-01
4.790571033954620361e-01
3.446433842182159424e-01
2.593329846858978271e-01
1.844178587198257446e-01
1.266065984964370728e-01
7.693836838006973267e-02
3.259471058845520020e-02
-5.410854239016771317e-03
-4.327660053968429565e-02
-7.535206526517868042e-02
-1.149266064167022705e-01
-1.547498703002929688e-01
-1.905861049890518188e-01
-2.274719625711441040e-01
-2.670677304267883301e-01
-3.107451200485229492e-01
-3.546911478042602539e-01
-3.962015807628631592e-01
-4.444375038146972656e-01
-4.687459766864776611e-01
-4.091712236404418945e-01
-3.363823592662811279e-01
-2.442246824502944946e-01
-1.577641516923904419e-01
-8.304831385612487793e-02
-2.329014241695404053e-02
1.716673001646995544e-02
1.603411696851253510e-02
1.813531666994094849e-02
1.702376641333103180e-02
1.439877040684223175e-02
1.742589287459850311e-02
1.915700547397136688e-02
1.713904924690723419e-02
1.563705131411552429e-02
1.804145611822605133e-02
1.756776124238967896e-02
1.732231490314006805e-02
1.596870459616184235e-02
1.768010482192039490e-02
1.345026306807994843e-02
1.581913977861404419e-02
1.739491149783134460e-02
1.590657979249954224e-02
1.590079069137573242e-02
1.469585113227367401e-02
1.748874783515930176e-02
