7.555951015092432499e-05
1.883017284853849560e-05
6.887023573654005304e-08
3.963723571587252081e-09
4.429958830320934737e-11
2.613746621481921606e-13
9.715898833018740514e-16
-1.758253521855939524e-16
8.772657565714325756e-06
-6.071054940548492596e-06
8.181525481631979346e-05
2.012336153711657971e-06
3.252021269872784615e-05
2.092467354941618396e-07
1.928826820485340932e-10
-4.960838684286983380e-11
1.081392936893958712e-13
-1.003286703221077224e-15
-1.908383097265169809e-16
5.276312674861503885e-19
6.395933723979396746e-06
-1.691698889771942049e-05
-9.271362068830057979e-05
-5.199677980272099376e-05
2.187690552091225982e-05
3.128164838273050918e-09
4.682584320292448865e-10
-2.899038431189437937e-12
5.149207476422626439e-14
6.250636620871256595e-17
-2.043348104052711278e-05
-6.877320993226021528e-05
5.730538759962655604e-05
1.537072057544719428e-05
-2.537058753659948707e-05
-1.783857806003652513e-05
1.388809736818075180e-02
4.422408714890480042e-02
8.295330405235290527e-02
1.228008493781089783e-01
1.673026531934738159e-01
2.120278775691986084e-01
2.554532289505004883e-01
3.015962243080139160e-01
3.487561941146850586e-01
3.907633423805236816e-01
4.264236092567443848e-01
4.594730734825134277e-01
4.872298240661621094e-01
5.096557736396789551e-01
5.274499058723449707e-01
5.397760868072509766e-01
5.487645268440246582e-01
5.576673746109008789e-01
5.658109188079833984e-01
5.746914744377136230e-01
5.931372642517089844e-01
6.103035807609558105e-01
6.236540079116821289e-01
6.338715553283691406e-01
6.424874067306518555e-01
6.487066149711608887e-01
6.527333259582519531e-01
6.548255085945129395e-01
6.551613807678222656e-01
6.542416214942932129e-01
6.522785425186157227e-01
6.496593952178955078e-01
6.467872262001037598e-01
6.435407996177673340e-01
6.411319375038146973e-01
6.400096416473388672e-01
6.402137875556945801e-01
6.422646045684814453e-01
6.462684273719787598e-01
6.545115709304809570e-01
6.812094449996948242e-01
7.184848785400390625e-01
7.596637606620788574e-01
8.034920096397399902e-01
8.484153747558593750e-01
8.944215178489685059e-01
9.400727152824401855e-01
9.825434684753417969e-01
1.022615313529968262e+00
1.057810544967651367e+00
1.087158918380737305e+00
1.111228466033935547e+00
1.132644772529602051e+00
1.148274064064025879e+00
1.157323956489562988e+00
1.165381193161010742e+00
1.172739863395690918e+00
1.185408830642700195e+00
1.202981829643249512e+00
1.219564437866210938e+00
1.233006119728088379e+00
1.243485450744628906e+00
1.251646041870117188e+00
1.257686018943786621e+00
1.262511968612670898e+00
1.265861392021179199e+00
1.268097281455993652e+00
1.269469618797302246e+00
1.270101428031921387e+00
1.270062804222106934e+00
1.269294500350952148e+00
1.268045544624328613e+00
1.266331791877746582e+00
1.264454126358032227e+00
1.262342929840087891e+00
1.259740710258483887e+00
1.256711006164550781e+00
1.253395199775695801e+00
1.250291705131530762e+00
1.246779799461364746e+00
1.243397593498229980e+00
1.240214467048645020e+00
1.237329363822937012e+00
1.234671592712402344e+00
1.232446074485778809e+00
1.230537891387939453e+00
1.229282498359680176e+00
1.229070782661437988e+00
1.230272412300109863e+00
1.233109951019287109e+00
1.237465977668762207e+00
1.256718039512634277e+00
1.289900898933410645e+00
1.327423334121704102e+00
1.370223879814147949e+00
1.413777351379394531e+00
1.456732511520385742e+00
1.502141237258911133e+00
1.548940896987915039e+00
1.593829035758972168e+00
1.633490562438964844e+00
1.666612386703491211e+00
1.696805596351623535e+00
1.721964120864868164e+00
1.743163943290710449e+00
1.758367180824279785e+00
1.767715096473693848e+00
1.776358485221862793e+00
1.784098505973815918e+00
1.797933697700500488e+00
1.815988659858703613e+00
1.832547783851623535e+00
1.845411181449890137e+00
1.855305433273315430e+00
1.863259553909301758e+00
1.869179368019104004e+00
1.873376011848449707e+00
1.876755356788635254e+00
1.879045486450195312e+00
1.880163311958312988e+00
1.880724668502807617e+00
1.880737066268920898e+00
1.880177974700927734e+00
1.879055500030517578e+00
1.877333164215087891e+00
1.875090241432189941e+00
1.872503161430358887e+00
1.869991660118103027e+00
1.870447278022766113e+00
1.877625703811645508e+00
1.882600784301757812e+00
1.885103106498718262e+00
1.885925769805908203e+00
1.885511040687561035e+00
1.883596658706665039e+00
1.880618929862976074e+00
1.877016663551330566e+00
1.873048186302185059e+00
1.870685577392578125e+00
1.869337320327758789e+00
1.869695067405700684e+00
1.871855854988098145e+00
1.876093626022338867e+00
1.886543989181518555e+00
1.913704514503479004e+00
1.951916813850402832e+00
1.993788480758666992e+00
2.038003206253051758e+00
2.082842588424682617e+00
2.127763748168945312e+00
2.171859741210937500e+00
2.215748548507690430e+00
2.253938913345336914e+00
2.285886526107788086e+00
2.314745903015136719e+00
2.339219808578491211e+00
2.358955621719360352e+00
2.371349573135375977e+00
2.380031824111938477e+00
2.388360977172851562e+00
2.396152257919311523e+00
2.416387081146240234e+00
2.435690641403198242e+00
2.451713562011718750e+00
2.464487314224243164e+00
2.474034070968627930e+00
2.481567144393920898e+00
2.486824035644531250e+00
2.490018844604492188e+00
2.491284847259521484e+00
2.490893363952636719e+00
2.489213943481445312e+00
2.486493587493896484e+00
2.483240604400634766e+00
2.479884386062622070e+00
2.476157665252685547e+00
2.473338842391967773e+00
2.471861600875854492e+00
2.471728086471557617e+00
2.473556756973266602e+00
2.477196693420410156e+00
2.485085487365722656e+00
2.512526512145996094e+00
2.548861265182495117e+00
2.587805509567260742e+00
2.631264686584472656e+00
2.675774812698364258e+00
2.719087839126586914e+00
2.765411138534545898e+00
2.810603141784667969e+00
2.850483417510986328e+00
2.884521961212158203e+00
2.915374755859375000e+00
2.941484212875366211e+00
2.962415218353271484e+00
2.979144573211669922e+00
2.993736505508422852e+00
3.005605459213256836e+00
3.014865875244140625e+00
3.022076368331909180e+00
3.027995109558105469e+00
3.031761884689331055e+00
3.034364700317382812e+00
3.037006855010986328e+00
3.039749145507812500e+00
3.042482614517211914e+00
3.045527935028076172e+00
3.048407077789306641e+00
3.049007892608642578e+00
3.049008131027221680e+00
3.049209356307983398e+00
3.049732208251953125e+00
3.049161911010742188e+00
3.049008131027221680e+00
3.049031734466552734e+00
3.049382209777832031e+00
3.049503803253173828e+00
3.049056053161621094e+00
3.049080848693847656e+00
3.049180269241333008e+00
3.049378871917724609e+00
3.049334764480590820e+00
3.049079895019531250e+00
3.049189567565917969e+00
3.049412965774536133e+00
3.049382686614990234e+00
3.049124240875244141e+00
3.049057245254516602e+00
3.049186706542968750e+00
