-6.470771040767431259e-05
3.044417644559871405e-05
-4.435131728541819029e-08
1.344355616411663235e-11
4.473887926792485814e-11
-4.943922265391968718e-14
1.135143369208088497e-15
-1.865023215997426158e-16
-2.377947930654045194e-05
1.288975113311607856e-06
-4.540785448625683784e-05
4.623441782314330339e-05
2.592109922261442989e-05
-2.539412946589436615e-07
-2.153978551078239434e-09
-2.973881904622110994e-11
1.936218926076177516e-13
-1.443714401398396314e-15
-1.060512513835373772e-16
-7.219945681019830006e-19
-8.214330591727048159e-05
2.373359166085720062e-05
8.115376840578392148e-05
-3.417902689761831425e-06
-3.182943692081607878e-05
-7.056050854714612797e-09
-4.131691863640263307e-11
-2.303021662264370661e-11
1.410545942201468783e-13
1.046217211576456850e-17
1.571198845340404660e-05
-5.699963730876334012e-05
2.408532964182086289e-05
-7.451525016222149134e-05
5.038779818278271705e-06
-4.058342165080830455e-05
3.440595037318416871e-06
5.788464113720692694e-05
1.584929268574342132e-04
3.108499804511666298e-04
4.900281201116740704e-04
4.571143072098493576e-04
3.475017438177019358e-04
1.968316792044788599e-04
8.337343751918524504e-05
9.750753088155761361e-05
1.218440738739445806e-04
8.210558007704094052e-05
7.515430479543283582e-05
3.613883018260821700e-05
-2.280489752592984587e-05
-1.082636372302658856e-04
-7.087857229635119438e-04
-2.816720167174935341e-03
-6.702511571347713470e-03
-1.456659659743309021e-02
-4.062516242265701294e-02
-7.719652354717254639e-02
-1.169302314519882202e-01
-1.572894006967544556e-01
-2.022156566381454468e-01
-2.472908645868301392e-01
-2.932553887367248535e-01
-3.383634388446807861e-01
-3.801756799221038818e-01
-4.200858175754547119e-01
-4.549729526042938232e-01
-4.837225079536437988e-01
-5.067862868309020996e-01
-5.272119045257568359e-01
-5.398213863372802734e-01
-5.486922264099121094e-01
-5.575814843177795410e-01
-5.666337013244628906e-01
-5.745480656623840332e-01
-5.831261277198791504e-01
-6.003623604774475098e-01
-6.161029934883117676e-01
-6.284116506576538086e-01
-6.377560496330261230e-01
-6.446154117584228516e-01
-6.492142677307128906e-01
-6.519010066986083984e-01
-6.529855728149414062e-01
-6.526502966880798340e-01
-6.511347889900207520e-01
-6.488383412361145020e-01
-6.460967063903808594e-01
-6.428859233856201172e-01
-6.400104761123657227e-01
-6.378448605537414551e-01
-6.346972584724426270e-01
-6.299919486045837402e-01
-6.158100962638854980e-01
-5.870252847671508789e-01
-5.488867759704589844e-01
-5.067923665046691895e-01
-4.634979665279388428e-01
-4.192922115325927734e-01
-3.763849437236785889e-01
-3.299418389797210693e-01
-2.835186123847961426e-01
-2.373480498790740967e-01
-1.935546696186065674e-01
-1.469762176275253296e-01
-1.004167124629020691e-01
-5.464050918817520142e-02
-1.044282503426074982e-02
3.820141777396202087e-02
8.349803835153579712e-02
1.270013153553009033e-01
1.733713299036026001e-01
2.203029394149780273e-01
2.661800980567932129e-01
3.093498349189758301e-01
3.548271656036376953e-01
3.969382941722869873e-01
4.332504570484161377e-01
4.634800851345062256e-01
4.902391135692596436e-01
5.117655396461486816e-01
5.296025872230529785e-01
5.411324501037597656e-01
5.493439435958862305e-01
5.578719377517700195e-01
5.654593706130981445e-01
5.718672871589660645e-01
5.876127481460571289e-01
6.048342585563659668e-01
6.185960173606872559e-01
6.298791170120239258e-01
6.382865309715270996e-01
6.442954540252685547e-01
6.488316059112548828e-01
6.516018509864807129e-01
6.524780392646789551e-01
6.518744826316833496e-01
6.503215432167053223e-01
6.479339003562927246e-01
6.451694369316101074e-01
6.421954631805419922e-01
6.396175622940063477e-01
6.375718116760253906e-01
6.343078613281250000e-01
6.293665170669555664e-01
6.140009760856628418e-01
5.842892527580261230e-01
5.458357930183410645e-01
5.051251053810119629e-01
4.637923240661621094e-01
4.186503887176513672e-01
3.735716640949249268e-01
3.303713202476501465e-01
2.837744951248168945e-01
2.371328026056289673e-01
1.913775801658630371e-01
1.478417366743087769e-01
1.014260500669479370e-01
5.544184148311614990e-02
1.113789714872837067e-02
-3.561000525951385498e-02
-8.272067457437515259e-02
-1.286380887031555176e-01
-1.702313870191574097e-01
-2.142113447189331055e-01
-2.622074782848358154e-01
-3.099871873855590820e-01
-3.560016751289367676e-01
-3.959826529026031494e-01
-4.342005848884582520e-01
-4.669620394706726074e-01
-4.947189390659332275e-01
-5.181419253349304199e-01
-5.360076427459716797e-01
-5.452816486358642578e-01
-5.550935268402099609e-01
-5.646966695785522461e-01
-5.732613205909729004e-01
-5.811691880226135254e-01
-5.913474559783935547e-01
-6.079915761947631836e-01
-6.238777637481689453e-01
-6.360522508621215820e-01
-6.451405286788940430e-01
-6.516076922416687012e-01
-6.557634472846984863e-01
-6.580421328544616699e-01
-6.586362123489379883e-01
-6.576038599014282227e-01
-6.556545495986938477e-01
-6.528100967407226562e-01
-6.494221091270446777e-01
-6.459133625030517578e-01
-6.432209610939025879e-01
-6.405832767486572266e-01
-6.363844275474548340e-01
-6.298608779907226562e-01
-6.040838360786437988e-01
-5.683788657188415527e-01
-5.281724929809570312e-01
-4.856703877449035645e-01
-4.437297880649566650e-01
-3.985285460948944092e-01
-3.526057898998260498e-01
-3.064040243625640869e-01
-2.608281373977661133e-01
-2.198259085416793823e-01
-1.813879013061523438e-01
-1.483005583286285400e-01
-1.208893060684204102e-01
-9.902594983577728271e-02
-7.946673035621643066e-02
-6.724093854427337646e-02
-5.858857184648513794e-02
-4.921252653002738953e-02
-4.004283249378204346e-02
-3.212595731019973755e-02
-2.309115044772624969e-02
-4.041741136461496353e-03
1.229776069521903992e-02
2.476685307919979095e-02
3.492385521531105042e-02
4.214388132095336914e-02
4.684703424572944641e-02
4.961641132831573486e-02
5.046528950333595276e-02
4.967923089861869812e-02
4.782555624842643738e-02
4.505375400185585022e-02
4.164839535951614380e-02
3.812178596854209900e-02
3.467490524053573608e-02
3.108319453895092010e-02
2.763143926858901978e-02
2.449588663876056671e-02
2.170511707663536072e-02
1.911866851150989532e-02
1.725690625607967377e-02
1.601628959178924561e-02
1.497534289956092834e-02
1.413729973137378693e-02
1.356938946992158890e-02
1.317728310823440552e-02
1.301152259111404419e-02
1.299803145229816437e-02
1.299803331494331360e-02
1.299803331494331360e-02
1.299801003187894821e-02
1.300097443163394928e-02
1.299660839140415192e-02
1.299802307039499283e-02
1.299783308058977127e-02
1.299924962222576141e-02
1.299814786761999130e-02
1.299797464162111282e-02
1.299656182527542114e-02
1.299859397113323212e-02
1.299742329865694046e-02
1.299966778606176376e-02
1.299856230616569519e-02
1.299814973026514053e-02
1.299933250993490219e-02
1.299830619245767593e-02
1.299803983420133591e-02
1.299812644720077515e-02
