1.699392715760493000e+15
1.699392715800944000e+15
1.699392715841398000e+15
1.699392715881985000e+15
1.699392715922949000e+15
1.699392715963405000e+15
1.699392716003860000e+15
1.699392716044313000e+15
1.699392716085621000e+15
1.699392716126105000e+15
1.699392716166557000e+15
1.699392716207004000e+15
1.699392716247444000e+15
1.699392716288550000e+15
1.699392716329325000e+15
1.699392716369790000e+15
1.699392716410227000e+15
1.699392716451518000e+15
1.699392716492121000e+15
1.699392716532625000e+15
1.699392716573083000e+15
1.699392716613526000e+15
1.699392716655086000e+15
1.699392716695677000e+15
1.699392716736164000e+15
1.699392716777493000e+15
1.699392716817938000e+15
1.699392716858379000e+15
1.699392716898990000e+15
1.699392716939485000e+15
1.699392716980443000e+15
1.699392717020898000e+15
1.699392717061341000e+15
1.699392717101932000e+15
1.699392717143068000e+15
1.699392717183528000e+15
1.699392717223973000e+15
1.699392717264419000e+15
1.699392717305004000e+15
1.699392717342610000e+15
1.699392717383076000e+15
1.699392717423532000e+15
1.699392717463988000e+15
1.699392717505328000e+15
1.699392717545824000e+15
1.699392717586277000e+15
1.699392717626723000e+15
1.699392717667170000e+15
1.699392717708201000e+15
1.699392717748688000e+15
1.699392717789146000e+15
1.699392717829594000e+15
1.699392717870960000e+15
1.699392717911558000e+15
1.699392717952051000e+15
1.699392717992508000e+15
1.699392718032956000e+15
1.699392718074480000e+15
1.699392718115070000e+15
1.699392718155550000e+15
1.699392718196952000e+15
1.699392718237399000e+15
1.699392718277858000e+15
1.699392718322096000e+15
1.699392718362597000e+15
1.699392718403474000e+15
1.699392718443925000e+15
1.699392718484376000e+15
1.699392718524926000e+15
1.699392718566162000e+15
1.699392718606638000e+15
1.699392718647085000e+15
1.699392718687541000e+15
1.699392718728099000e+15
1.699392718769295000e+15
1.699392718809779000e+15
1.699392718850230000e+15
1.699392718931152000e+15
1.699392718971953000e+15
1.699392719012439000e+15
1.699392719052898000e+15
1.699392719093347000e+15
1.699392719133794000e+15
1.699392719175146000e+15
1.699392719215628000e+15
1.699392719256085000e+15
1.699392719297341000e+15
1.699392719336549000e+15
1.699392719377141000e+15
1.699392719417638000e+15
1.699392719458086000e+15
1.699392719499653000e+15
1.699392719540108000e+15
1.699392719580689000e+15
1.699392719622166000e+15
1.699392719662625000e+15
1.699392719703086000e+15
1.699392719743533000e+15
1.699392719784115000e+15
1.699392719825073000e+15
1.699392719865526000e+15
1.699392719905971000e+15
1.699392719946428000e+15
1.699392719987731000e+15
1.699392720028220000e+15
1.699392720068674000e+15
1.699392720109134000e+15
1.699392720149585000e+15
1.699392720190635000e+15
1.699392720231130000e+15
1.699392720271581000e+15
1.699392720313394000e+15
1.699392720354670000e+15
1.699392720395257000e+15
1.699392720435750000e+15
1.699392720476216000e+15
1.699392720516677000e+15
1.699392720557559000e+15
1.699392720598145000e+15
1.699392720638642000e+15
1.699392720679101000e+15
1.699392720720243000e+15
1.699392720760696000e+15
1.699392720801353000e+15
1.699392720841868000e+15
1.699392720882351000e+15
1.699392720923658000e+15
1.699392720964132000e+15
1.699392721004760000e+15
1.699392721046302000e+15
1.699392721086796000e+15
1.699392721127265000e+15
1.699392721167764000e+15
1.699392721208377000e+15
1.699392721249343000e+15
1.699392721289830000e+15
1.699392721327374000e+15
1.699392721367858000e+15
1.699392721408971000e+15
1.699392721449493000e+15
1.699392721489971000e+15
1.699392721530447000e+15
1.699392721570927000e+15
1.699392721611755000e+15
1.699392721652285000e+15
1.699392721692772000e+15
1.699392721733247000e+15
1.699392721774525000e+15
1.699392721815140000e+15
1.699392721855647000e+15
1.699392721896130000e+15
1.699392721936610000e+15
1.699392721977329000e+15
1.699392722017953000e+15
1.699392722058471000e+15
1.699392722098964000e+15
1.699392722140066000e+15
1.699392722180547000e+15
1.699392722221166000e+15
1.699392722261683000e+15
1.699392722302168000e+15
1.699392722345225000e+15
1.699392722385712000e+15
1.699392722426335000e+15
1.699392722466856000e+15
1.699392722507744000e+15
1.699392722548226000e+15
1.699392722588701000e+15
1.699392722629332000e+15
1.699392722669858000e+15
1.699392722710715000e+15
1.699392722751195000e+15
1.699392722791671000e+15
1.699392722833171000e+15
1.699392722873976000e+15
1.699392722914461000e+15
1.699392722954931000e+15
1.699392722995412000e+15
1.699392723036047000e+15
1.699392723076561000e+15
1.699392723117056000e+15
1.699392723157523000e+15
1.699392723198807000e+15
1.699392723239465000e+15
1.699392723280022000e+15
1.699392723319804000e+15
1.699392723361364000e+15
1.699392723401895000e+15
1.699392723442552000e+15
1.699392723483113000e+15
1.699392723524008000e+15
1.699392723564546000e+15
1.699392723605068000e+15
1.699392723645732000e+15
1.699392723686289000e+15
1.699392723727326000e+15
1.699392723767854000e+15
1.699392723808383000e+15
1.699392723850157000e+15
1.699392723890690000e+15
1.699392723931176000e+15
1.699392723971647000e+15
1.699392724012117000e+15
1.699392724052985000e+15
1.699392724093520000e+15
1.699392724134012000e+15
1.699392724174487000e+15
1.699392724215732000e+15
1.699392724256355000e+15
1.699392724296880000e+15
1.699392724334647000e+15
1.699392724376305000e+15
1.699392724416786000e+15
1.699392724457407000e+15
1.699392724497931000e+15
1.699392724539067000e+15
1.699392724579541000e+15
1.699392724620021000e+15
1.699392724660647000e+15
1.699392724701171000e+15
1.699392724741882000e+15
1.699392724782360000e+15
1.699392724822840000e+15
1.699392724863441000e+15
1.699392724904735000e+15
1.699392724945213000e+15
1.699392724985690000e+15
1.699392725026163000e+15
1.699392725066790000e+15
1.699392725108149000e+15
1.699392725148634000e+15
1.699392725189119000e+15
1.699392725230682000e+15
1.699392725271298000e+15
1.699392725316324000e+15
1.699392725356815000e+15
1.699392725397289000e+15
1.699392725438112000e+15
1.699392725478736000e+15
1.699392725519254000e+15
1.699392725559751000e+15
1.699392725600229000e+15
1.699392725640709000e+15
1.699392725681325000e+15
1.699392725721845000e+15
1.699392725762328000e+15
1.699392725802802000e+15
1.699392725843286000e+15
1.699392725883908000e+15
1.699392725924411000e+15
1.699392725964912000e+15
1.699392726005389000e+15
1.699392726046008000e+15
1.699392726087587000e+15
1.699392726128111000e+15
1.699392726169330000e+15
1.699392726209860000e+15
1.699392726251063000e+15
1.699392726292378000e+15
1.699392726331017000e+15
1.699392726371551000e+15
1.699392726412071000e+15
1.699392726452589000e+15
1.699392726493702000e+15
1.699392726534257000e+15
1.699392726574785000e+15
1.699392726615302000e+15
1.699392726656041000e+15
1.699392726696691000e+15
1.699392726737246000e+15
1.699392726777773000e+15
1.699392726819382000e+15
1.699392726859899000e+15
1.699392726900557000e+15
1.699392726941109000e+15
1.699392726982120000e+15
1.699392727022617000e+15
1.699392727063108000e+15
1.699392727103736000e+15
1.699392727145416000e+15
1.699392727185906000e+15
1.699392727226389000e+15
1.699392727266861000e+15
1.699392727308160000e+15
1.699392727348934000e+15
1.699392727389436000e+15
1.699392727429922000e+15
1.699392727470399000e+15
1.699392727511209000e+15
1.699392727551740000e+15
1.699392727592234000e+15
1.699392727632716000e+15
1.699392727673890000e+15
1.699392727714512000e+15
1.699392727755031000e+15
1.699392727795522000e+15
1.699392727835996000e+15
1.699392727877383000e+15
1.699392727918000000e+15
1.699392727958512000e+15
1.699392727999998000e+15
1.699392728040481000e+15
1.699392728080969000e+15
1.699392728121595000e+15
1.699392728162099000e+15
1.699392728202829000e+15
1.699392728243305000e+15
1.699392728283775000e+15
1.699392728325056000e+15
1.699392728366241000e+15
1.699392728406741000e+15
1.699392728447227000e+15
1.699392728487697000e+15
1.699392728528315000e+15
1.699392728569074000e+15
1.699392728609566000e+15
1.699392728650040000e+15
1.699392728690535000e+15
1.699392728731804000e+15
1.699392728772322000e+15
1.699392728812808000e+15
1.699392728853291000e+15
1.699392728893777000e+15
1.699392728934852000e+15
1.699392728975372000e+15
1.699392729015862000e+15
1.699392729056336000e+15
1.699392729096813000e+15
1.699392729137431000e+15
1.699392729177929000e+15
1.699392729218461000e+15
1.699392729258974000e+15
1.699392729299496000e+15
1.699392729338723000e+15
1.699392729379300000e+15
1.699392729419810000e+15
1.699392729462262000e+15
1.699392729502795000e+15
1.699392729543456000e+15
1.699392729584764000e+15
1.699392729625302000e+15
1.699392729665817000e+15
1.699392729706325000e+15
1.699392729747507000e+15
1.699392729788023000e+15
1.699392729828508000e+15
1.699392729868975000e+15
1.699392729909452000e+15
1.699392729950333000e+15
1.699392729990844000e+15
1.699392730031329000e+15
1.699392730071799000e+15
1.699392730113048000e+15
1.699392730153656000e+15
1.699392730194181000e+15
1.699392730234674000e+15
1.699392730275164000e+15
1.699392730318407000e+15
1.699392730359017000e+15
1.699392730399535000e+15
1.699392730440022000e+15
1.699392730480944000e+15
1.699392730521425000e+15
1.699392730562039000e+15
1.699392730602556000e+15
1.699392730643049000e+15
1.699392730684038000e+15
1.699392730724519000e+15
1.699392730765127000e+15
1.699392730805635000e+15
1.699392730846504000e+15
1.699392730886988000e+15
1.699392730927480000e+15
1.699392730968096000e+15
1.699392731008609000e+15
1.699392731049297000e+15
1.699392731089777000e+15
1.699392731130269000e+15
1.699392731170905000e+15
1.699392731212089000e+15
1.699392731252575000e+15
1.699392731293055000e+15
1.699392731334286000e+15
1.699392731374903000e+15
1.699392731415661000e+15
1.699392731456154000e+15
1.699392731496635000e+15
1.699392731537122000e+15
1.699392731578380000e+15
1.699392731618893000e+15
1.699392731659380000e+15
1.699392731699862000e+15
1.699392731740342000e+15
1.699392731781197000e+15
1.699392731821736000e+15
1.699392731862215000e+15
1.699392731902694000e+15
1.699392731943947000e+15
1.699392731984569000e+15
1.699392732025081000e+15
1.699392732065571000e+15
1.699392732106040000e+15
1.699392732147384000e+15
1.699392732187996000e+15
1.699392732228507000e+15
1.699392732268987000e+15
1.699392732309551000e+15
1.699392732349969000e+15
1.699392732390588000e+15
1.699392732431103000e+15
1.699392732472767000e+15
1.699392732513238000e+15
1.699392732553722000e+15
1.699392732594341000e+15
1.699392732634862000e+15
1.699392732675768000e+15
1.699392732716255000e+15
1.699392732756729000e+15
1.699392732797340000e+15
1.699392732837864000e+15
1.699392732878475000e+15
1.699392732918950000e+15
1.699392732959439000e+15
1.699392733001059000e+15
1.699392733041571000e+15
1.699392733082051000e+15
1.699392733122529000e+15
1.699392733162997000e+15
1.699392733204047000e+15
1.699392733244563000e+15
1.699392733285050000e+15
1.699392733324378000e+15
1.699392733365473000e+15
1.699392733406081000e+15
1.699392733446598000e+15
1.699392733487094000e+15
1.699392733527571000e+15
1.699392733568916000e+15
1.699392733609531000e+15
1.699392733650031000e+15
1.699392733691520000e+15
1.699392733731988000e+15
1.699392733772468000e+15
1.699392733813090000e+15
1.699392733853610000e+15
1.699392733894350000e+15
1.699392733934830000e+15
1.699392733975309000e+15
1.699392734015939000e+15
1.699392734057078000e+15
1.699392734097570000e+15
1.699392734138049000e+15
1.699392734178523000e+15
1.699392734219145000e+15
1.699392734259930000e+15
1.699392734300456000e+15
1.699392734339972000e+15
1.699392734380505000e+15
1.699392734421714000e+15
1.699392734462273000e+15
1.699392734502799000e+15
1.699392734543320000e+15
1.699392734585000000e+15
1.699392734625668000e+15
1.699392734666229000e+15
1.699392734706763000e+15
1.699392734747767000e+15
1.699392734788288000e+15
1.699392734828944000e+15
1.699392734869515000e+15
1.699392734910046000e+15
1.699392734950936000e+15
1.699392734991461000e+15
1.699392735032086000e+15
1.699392735072609000e+15
1.699392735113342000e+15
1.699392735153824000e+15
1.699392735194314000e+15
1.699392735234936000e+15
1.699392735275444000e+15
1.699392735317864000e+15
1.699392735358354000e+15
1.699392735398829000e+15
1.699392735439450000e+15
1.699392735480607000e+15
1.699392735521092000e+15
1.699392735561566000e+15
1.699392735602040000e+15
1.699392735642654000e+15
1.699392735683438000e+15
1.699392735723918000e+15
1.699392735764400000e+15
1.699392735804894000e+15
1.699392735846407000e+15
1.699392735886929000e+15
1.699392735927422000e+15
1.699392735967908000e+15
1.699392736008390000e+15
1.699392736049009000e+15
1.699392736089537000e+15
1.699392736130039000e+15
1.699392736170507000e+15
1.699392736210985000e+15
1.699392736251898000e+15
1.699392736293496000e+15
1.699392736331654000e+15
1.699392736373213000e+15
1.699392736413699000e+15
1.699392736454932000e+15
1.699392736495968000e+15
1.699392736536449000e+15
1.699392736576929000e+15
1.699392736617409000e+15
1.699392736658023000e+15
1.699392736698821000e+15
1.699392736739329000e+15
1.699392736779804000e+15
1.699392736820283000e+15
1.699392736861504000e+15
1.699392736902034000e+15
1.699392736942525000e+15
1.699392736983008000e+15
1.699392737023489000e+15
1.699392737064357000e+15
1.699392737104885000e+15
1.699392737145378000e+15
1.699392737185854000e+15
1.699392737227105000e+15
1.699392737267700000e+15
1.699392737308257000e+15
1.699392737351283000e+15
1.699392737392901000e+15
1.699392737433428000e+15
1.699392737474100000e+15
1.699392737514668000e+15
1.699392737555626000e+15
1.699392737596159000e+15
1.699392737636685000e+15
1.699392737677359000e+15
1.699392737719272000e+15
1.699392737759791000e+15
1.699392737800324000e+15
1.699392737840825000e+15
1.699392737881919000e+15
1.699392737922434000e+15
1.699392737962916000e+15
1.699392738003386000e+15
1.699392738044993000e+15
1.699392738085603000e+15
1.699392738126135000e+15
1.699392738166621000e+15
1.699392738207764000e+15
1.699392738248246000e+15
1.699392738288876000e+15
1.699392738327849000e+15
1.699392738369492000e+15
1.699392738409970000e+15
1.699392738450453000e+15
1.699392738491071000e+15
1.699392738532261000e+15
1.699392738572744000e+15
1.699392738613222000e+15
1.699392738653700000e+15
1.699392738695503000e+15
1.699392738736017000e+15
1.699392738776499000e+15
1.699392738816987000e+15
1.699392738858475000e+15
1.699392738899105000e+15
1.699392738939627000e+15
1.699392738980114000e+15
1.699392739020592000e+15
1.699392739061521000e+15
1.699392739102144000e+15
1.699392739142676000e+15
1.699392739183170000e+15
1.699392739224451000e+15
1.699392739264931000e+15
1.699392739305544000e+15
1.699392739345515000e+15
1.699392739386006000e+15
1.699392739426488000e+15
1.699392739466970000e+15
1.699392739507594000e+15
1.699392739548108000e+15
1.699392739588882000e+15
1.699392739629369000e+15
1.699392739670667000e+15
1.699392739711280000e+15
1.699392739752181000e+15
1.699392739792657000e+15
1.699392739833146000e+15
1.699392739873622000e+15
1.699392739914923000e+15
1.699392739955434000e+15
1.699392739995929000e+15
1.699392740036415000e+15
1.699392740076889000e+15
1.699392740117772000e+15
1.699392740158281000e+15
1.699392740198774000e+15
1.699392740239259000e+15
1.699392740280498000e+15
1.699392740322701000e+15
1.699392740363238000e+15
1.699392740403717000e+15
1.699392740444203000e+15
1.699392740485248000e+15
1.699392740525869000e+15
1.699392740566378000e+15
1.699392740606862000e+15
1.699392740647675000e+15
1.699392740688156000e+15
1.699392740728789000e+15
1.699392740769315000e+15
1.699392740809808000e+15
1.699392740850503000e+15
1.699392740890980000e+15
1.699392740931605000e+15
1.699392740972116000e+15
1.699392741013240000e+15
1.699392741053730000e+15
1.699392741094211000e+15
1.699392741134831000e+15
1.699392741175350000e+15
1.699392741216059000e+15
1.699392741256553000e+15
1.699392741297032000e+15
1.699392741335387000e+15
1.699392741376553000e+15
1.699392741417041000e+15
1.699392741457529000e+15
1.699392741498009000e+15
1.699392741538617000e+15
1.699392741579345000e+15
1.699392741619829000e+15
1.699392741660310000e+15
1.699392741700791000e+15
1.699392741742116000e+15
1.699392741782654000e+15
1.699392741823144000e+15
1.699392741863625000e+15
1.699392741904106000e+15
1.699392741945509000e+15
1.699392741986024000e+15
1.699392742026512000e+15
1.699392742068170000e+15
1.699392742108649000e+15
1.699392742149260000e+15
1.699392742189785000e+15
1.699392742231435000e+15
1.699392742271919000e+15
1.699392742312393000e+15
1.699392742351616000e+15
1.699392742393106000e+15
1.699392742433632000e+15
1.699392742474151000e+15
1.699392742514664000e+15
1.699392742555325000e+15
1.699392742596937000e+15
1.699392742637453000e+15
1.699392742677975000e+15
1.699392742718482000e+15
1.699392742759147000e+15
1.699392742799700000e+15
1.699392742840217000e+15
1.699392742880733000e+15
1.699392742922409000e+15
1.699392742963063000e+15
1.699392743003611000e+15
1.699392743044897000e+15
1.699392743085406000e+15
1.699392743125897000e+15
1.699392743166514000e+15
1.699392743207016000e+15
1.699392743248186000e+15
1.699392743288670000e+15
1.699392743333533000e+15
1.699392743374154000e+15
1.699392743414954000e+15
1.699392743455445000e+15
1.699392743495920000e+15
1.699392743536396000e+15
1.699392743577028000e+15
1.699392743617798000e+15
1.699392743658289000e+15
1.699392743698770000e+15
1.699392743739260000e+15
1.699392743780525000e+15
1.699392743821035000e+15
1.699392743861520000e+15
1.699392743901999000e+15
1.699392743942468000e+15
1.699392743983353000e+15
1.699392744023876000e+15
1.699392744064372000e+15
1.699392744104843000e+15
1.699392744146098000e+15
1.699392744186722000e+15
1.699392744227248000e+15
1.699392744267741000e+15
1.699392744309340000e+15
1.699392744345208000e+15
1.699392744385832000e+15
1.699392744426353000e+15
1.699392744467525000e+15
1.699392744508004000e+15
1.699392744548489000e+15
1.699392744589093000e+15
1.699392744629629000e+15
1.699392744671055000e+15
1.699392744711551000e+15
1.699392744752020000e+15
1.699392744793602000e+15
1.699392744834106000e+15
1.699392744874590000e+15
1.699392744915065000e+15
1.699392744955549000e+15
1.699392744996401000e+15
1.699392745036928000e+15
1.699392745077414000e+15
1.699392745117887000e+15
1.699392745159170000e+15
1.699392745199782000e+15
1.699392745240288000e+15
1.699392745280769000e+15
1.699392745324718000e+15
1.699392745365493000e+15
1.699392745406086000e+15
1.699392745446654000e+15
1.699392745487187000e+15
1.699392745528215000e+15
1.699392745568746000e+15
1.699392745609407000e+15
1.699392745649954000e+15
1.699392745690467000e+15
1.699392745731237000e+15
1.699392745771743000e+15
1.699392745812398000e+15
1.699392745852959000e+15
1.699392745893472000e+15
1.699392745933995000e+15
1.699392745974482000e+15
1.699392746015107000e+15
1.699392746055627000e+15
1.699392746096113000e+15
1.699392746137215000e+15
1.699392746177689000e+15
1.699392746218296000e+15
1.699392746258815000e+15
1.699392746299489000e+15
1.699392746341115000e+15
1.699392746381591000e+15
1.699392746422726000e+15
1.699392746463229000e+15
1.699392746503711000e+15
1.699392746544181000e+15
1.699392746585124000e+15
1.699392746625746000e+15
1.699392746666265000e+15
1.699392746706754000e+15
1.699392746747238000e+15
1.699392746788328000e+15
1.699392746828944000e+15
1.699392746869468000e+15
1.699392746909951000e+15
1.699392746951207000e+15
1.699392746991703000e+15
1.699392747032317000e+15
1.699392747072846000e+15
1.699392747114327000e+15
1.699392747154813000e+15
1.699392747195302000e+15
1.699392747235914000e+15
1.699392747277079000e+15
1.699392747317569000e+15
1.699392747357715000e+15
1.699392747398201000e+15
1.699392747438831000e+15
1.699392747480256000e+15
1.699392747520764000e+15
1.699392747561245000e+15
1.699392747602811000e+15
1.699392747643451000e+15
1.699392747683974000e+15
1.699392747724461000e+15
1.699392747766067000e+15
1.699392747806548000e+15
1.699392747847187000e+15
1.699392747887711000e+15
1.699392747928818000e+15
1.699392747969299000e+15
1.699392748009775000e+15
1.699392748050398000e+15
1.699392748090926000e+15
1.699392748131656000e+15
1.699392748172130000e+15
1.699392748212619000e+15
1.699392748253238000e+15
1.699392748294381000e+15
1.699392748335464000e+15
1.699392748376008000e+15
1.699392748416537000e+15
1.699392748458187000e+15
1.699392748498748000e+15
1.699392748539271000e+15
1.699392748579789000e+15
1.699392748621079000e+15
1.699392748661751000e+15
1.699392748702299000e+15
1.699392748742831000e+15
1.699392748784672000e+15
1.699392748825199000e+15
1.699392748865862000e+15
1.699392748907588000e+15
1.699392748948128000e+15
1.699392748988657000e+15
1.699392749029187000e+15
1.699392749069844000e+15
1.699392749111044000e+15
1.699392749152745000e+15
1.699392749193990000e+15
1.699392749234471000e+15
1.699392749275078000e+15
1.699392749315600000e+15
1.699392749353040000e+15
1.699392749393946000e+15
1.699392749434430000e+15
1.699392749475065000e+15
1.699392749515582000e+15
1.699392749556571000e+15
1.699392749597039000e+15
1.699392749637520000e+15
1.699392749678157000e+15
1.699392749718672000e+15
1.699392749759664000e+15
1.699392749800144000e+15
1.699392749840647000e+15
1.699392749881270000e+15
1.699392749922182000e+15
1.699392749962673000e+15
1.699392750003157000e+15
1.699392750043632000e+15
1.699392750084254000e+15
1.699392750125376000e+15
1.699392750165865000e+15
1.699392750206342000e+15
1.699392750246818000e+15
1.699392750287743000e+15
1.699392750326030000e+15
1.699392750366528000e+15
1.699392750407002000e+15
1.699392750447478000e+15
1.699392750488343000e+15
1.699392750528860000e+15
1.699392750569353000e+15
1.699392750609842000e+15
1.699392750651139000e+15
1.699392750691772000e+15
1.699392750732291000e+15
1.699392750772777000e+15
1.699392750814429000e+15
1.699392750854915000e+15
1.699392750895554000e+15
1.699392750936080000e+15
1.699392750977181000e+15
1.699392751017660000e+15
1.699392751058139000e+15
1.699392751098774000e+15
1.699392751140468000e+15
1.699392751180960000e+15
1.699392751221448000e+15
1.699392751261912000e+15
1.699392751303222000e+15
1.699392751347980000e+15
1.699392751388477000e+15
1.699392751428960000e+15
1.699392751469455000e+15
1.699392751510850000e+15
1.699392751551374000e+15
1.699392751591879000e+15
1.699392751633499000e+15
1.699392751673977000e+15
1.699392751714591000e+15
1.699392751755112000e+15
1.699392751795604000e+15
1.699392751836529000e+15
1.699392751877018000e+15
1.699392751917643000e+15
1.699392751958163000e+15
1.699392751999305000e+15
1.699392752039796000e+15
1.699392752080270000e+15
1.699392752120894000e+15
1.699392752161416000e+15
1.699392752201961000e+15
1.699392752242489000e+15
1.699392752283013000e+15
1.699392752324037000e+15
1.699392752364600000e+15
1.699392752405370000e+15
1.699392752446740000e+15
1.699392752487261000e+15
1.699392752528325000e+15
1.699392752568877000e+15
1.699392752610190000e+15
1.699392752651551000e+15
1.699392752692087000e+15
1.699392752732730000e+15
1.699392752773286000e+15
1.699392752813811000e+15
1.699392752855004000e+15
1.699392752895520000e+15
1.699392752936185000e+15
1.699392752977603000e+15
1.699392753018122000e+15
1.699392753058579000e+15
1.699392753099032000e+15
1.699392753139626000e+15
1.699392753180522000e+15
1.699392753220971000e+15
1.699392753261429000e+15
1.699392753301882000e+15
1.699392753343070000e+15
1.699392753383563000e+15
1.699392753424019000e+15
1.699392753464479000e+15
1.699392753504927000e+15
1.699392753546058000e+15
1.699392753586546000e+15
1.699392753627006000e+15
1.699392753667464000e+15
1.699392753708887000e+15
1.699392753749475000e+15
1.699392753789964000e+15
1.699392753830400000e+15
1.699392753870859000e+15
1.699392753911710000e+15
1.699392753952309000e+15
1.699392753992813000e+15
1.699392754033269000e+15
1.699392754074192000e+15
1.699392754114647000e+15
1.699392754155241000e+15
1.699392754195744000e+15
1.699392754236212000e+15
1.699392754278060000e+15
1.699392754358874000e+15
1.699392754400101000e+15
1.699392754440577000e+15
1.699392754481033000e+15
1.699392754521501000e+15
1.699392754562068000e+15
1.699392754602999000e+15
1.699392754643476000e+15
1.699392754683934000e+15
1.699392754724395000e+15
1.699392754765708000e+15
1.699392754806293000e+15
1.699392754846787000e+15
1.699392754887263000e+15
