-1.927063422044739127e-04
-1.927063422044739127e-04
-1.927063422044739127e-04
-1.927063422044739127e-04
-1.927063422044739127e-04
-1.927063422044739127e-04
-1.927063422044739127e-04
-1.927063422044739127e-04
-1.927063422044739127e-04
-1.927063422044739127e-04
-1.927063422044739127e-04
-1.927063422044739127e-04
-1.927063422044739127e-04
-1.927063422044739127e-04
-1.927063422044739127e-04
-1.927063422044739127e-04
-1.927063422044739127e-04
-1.927063422044739127e-04
-1.927063422044739127e-04
-1.927063422044739127e-04
-1.927063422044739127e-04
-1.927063422044739127e-04
-1.927063422044739127e-04
-1.927063422044739127e-04
-1.927063422044739127e-04
-1.927063422044739127e-04
-1.927063422044739127e-04
-1.927063422044739127e-04
-1.927063422044739127e-04
-1.927063422044739127e-04
-1.927063422044739127e-04
-1.927063422044739127e-04
-1.927063422044739127e-04
-1.927063422044739127e-04
-1.927063422044739127e-04
-1.927063422044739127e-04
-1.927063422044739127e-04
-1.927063422044739127e-04
-1.927063422044739127e-04
-1.927063422044739127e-04
-1.927063422044739127e-04
-1.927063422044739127e-04
-1.927063422044739127e-04
-1.927063422044739127e-04
-1.927063422044739127e-04
-1.927063422044739127e-04
-1.927063422044739127e-04
-1.927063422044739127e-04
-1.927063422044739127e-04
-1.927063422044739127e-04
-1.927063422044739127e-04
-1.927063422044739127e-04
-1.927063422044739127e-04
-1.927063422044739127e-04
-1.927063422044739127e-04
-1.927063422044739127e-04
-1.927063422044739127e-04
-1.927063422044739127e-04
-1.927063422044739127e-04
-1.927063422044739127e-04
-1.927063422044739127e-04
-1.927063422044739127e-04
-1.927063422044739127e-04
-1.927063422044739127e-04
-1.927063422044739127e-04
-1.927063422044739127e-04
-1.927063422044739127e-04
-1.927063422044739127e-04
-1.927063422044739127e-04
-1.927063422044739127e-04
-1.927063422044739127e-04
-1.927063422044739127e-04
-1.927063422044739127e-04
-1.927063422044739127e-04
-1.927063422044739127e-04
-1.927063422044739127e-04
-1.927063422044739127e-04
-1.927063422044739127e-04
-1.927063422044739127e-04
-1.927063422044739127e-04
-1.927063422044739127e-04
-1.927063422044739127e-04
-1.927063422044739127e-04
-1.927063422044739127e-04
-1.927063422044739127e-04
-1.927063422044739127e-04
-1.927063422044739127e-04
-1.927063422044739127e-04
-1.927063422044739127e-04
-1.927063422044739127e-04
-1.927063422044739127e-04
-1.927063422044739127e-04
-1.927063422044739127e-04
-1.927063422044739127e-04
-1.927063422044739127e-04
-1.927063422044739127e-04
-1.927063422044739127e-04
-1.927063422044739127e-04
-1.927063422044739127e-04
-1.927063422044739127e-04
-1.927063422044739127e-04
-1.927063422044739127e-04
-1.927063422044739127e-04
-1.927063422044739127e-04
-1.927063422044739127e-04
-1.927063422044739127e-04
-1.927063422044739127e-04
-1.927063422044739127e-04
-1.927063422044739127e-04
-1.927063422044739127e-04
-1.927063422044739127e-04
-1.927063422044739127e-04
-1.927063422044739127e-04
-1.927063422044739127e-04
-1.927063422044739127e-04
-1.927063422044739127e-04
-1.927063422044739127e-04
-1.927063422044739127e-04
-1.927063422044739127e-04
-1.927063422044739127e-04
-1.927063422044739127e-04
-1.927063422044739127e-04
-1.927063422044739127e-04
-7.708253688178956509e-04
3.661420429125428200e-03
3.854126902297139168e-03
4.817658569663763046e-03
3.276007948443293571e-03
3.083301475271582603e-03
3.276007948443293571e-03
3.083301475271582603e-03
1.927063451148569584e-03
1.156238024123013020e-03
3.854126844089478254e-04
-7.708253688178956509e-04
-7.708253688178956509e-04
-3.083301475271582603e-03
-3.661420429125428200e-03
-2.119769807904958725e-03
-2.505182521417737007e-03
-3.468713955953717232e-03
-4.817658569663763046e-03
-5.010365042835474014e-03
-6.744722370058298111e-03
-8.671785704791545868e-03
-9.635317139327526093e-03
-1.002073008567094803e-02
-8.286372758448123932e-03
-5.973896477371454239e-03
-4.046833142638206482e-03
-2.505182521417737007e-03
-1.541650737635791302e-03
-3.661420429125428200e-03
-3.854126902297139168e-03
-3.276007948443293571e-03
-1.734356977976858616e-03
2.697888761758804321e-03
4.239539615809917450e-03
2.697888761758804321e-03
1.734356977976858616e-03
1.734356977976858616e-03
-9.635317255742847919e-04
-5.781190120615065098e-04
-2.312476048246026039e-03
-7.708253688178956509e-04
-2.312476048246026039e-03
-1.927063451148569584e-03
-2.697888761758804321e-03
0.000000000000000000e+00
-9.635317255742847919e-04
5.781190120615065098e-04
0.000000000000000000e+00
2.505182521417737007e-03
2.890595002099871635e-03
6.744722370058298111e-03
5.395777523517608643e-03
5.203071516007184982e-03
6.166602950543165207e-03
7.515547331422567368e-03
6.937427911907434464e-03
8.864491246640682220e-03
8.479079231619834900e-03
-1.734356977976858616e-03
-5.087447538971900940e-02
-7.592630386352539062e-02
-1.046395450830459595e-01
-1.424099802970886230e-01
-1.909719854593276978e-01
-2.358725666999816895e-01
-2.842418551445007324e-01
-3.451370596885681152e-01
-4.014073014259338379e-01
-4.586410820484161377e-01
-5.174165368080139160e-01
-5.781190395355224609e-01
-6.474933028221130371e-01
-7.097374796867370605e-01
-7.741013765335083008e-01
-8.469443321228027344e-01
-9.140061736106872559e-01
-9.739378094673156738e-01
-1.037916421890258789e+00
-1.077035665512084961e+00
-1.124634265899658203e+00
-1.164909839630126953e+00
-1.196128249168395996e+00
-1.223878026008605957e+00
-1.252205848693847656e+00
-1.277064919471740723e+00
-1.298262596130371094e+00
-1.320423841476440430e+00
-1.342199683189392090e+00
-1.357808828353881836e+00
-1.376115918159484863e+00
-1.391147136688232422e+00
-1.406949043273925781e+00
-1.419860363006591797e+00
-1.433542490005493164e+00
-1.447224617004394531e+00
-1.458787083625793457e+00
-1.472083687782287598e+00
-1.483260750770568848e+00
-1.491547107696533203e+00
-1.500989675521850586e+00
-1.514286518096923828e+00
-1.524885296821594238e+00
-1.533171653747558594e+00
-1.539916276931762695e+00
-1.548202753067016602e+00
-1.556103706359863281e+00
-1.562848329544067383e+00
-1.568629622459411621e+00
-1.576723337173461914e+00
-1.585202336311340332e+00
-1.593488693237304688e+00
-1.600811600685119629e+00
-1.609868764877319336e+00
-1.618155241012573242e+00
-1.625477910041809082e+00
-1.629717469215393066e+00
-1.637811183929443359e+00
-1.645712137222290039e+00
-1.653998613357543945e+00
-1.662092208862304688e+00
-1.669222354888916016e+00
-1.679050326347351074e+00
-1.687336683273315430e+00
-1.695815801620483398e+00
-1.706799983978271484e+00
-1.712966680526733398e+00
-1.721253037452697754e+00
-1.727997779846191406e+00
-1.735320687294006348e+00
-1.743992328643798828e+00
-1.751315236091613770e+00
-1.760757803916931152e+00
-1.743028879165649414e+00
-1.700633525848388672e+00
-1.679243087768554688e+00
-1.647831916809082031e+00
-1.611603140830993652e+00
-1.564197421073913574e+00
-1.516213417053222656e+00
-1.462062954902648926e+00
-1.409646868705749512e+00
-1.352991223335266113e+00
-1.295757532119750977e+00
-1.230237245559692383e+00
-1.169149398803710938e+00
-1.108061432838439941e+00
-1.045624494552612305e+00
-9.720107913017272949e-01
-9.061052203178405762e-01
-8.388507366180419922e-01
-7.721742987632751465e-01
-6.952844858169555664e-01
-6.255248188972473145e-01
-5.665566325187683105e-01
-5.073958039283752441e-01
-4.653857946395874023e-01
-4.249174892902374268e-01
-3.890741169452667236e-01
-3.580483794212341309e-01
-3.223977088928222656e-01
-2.963823378086090088e-01
-2.740284204483032227e-01
-2.520598769187927246e-01
-2.300913780927658081e-01
-2.075447291135787964e-01
-1.902011483907699585e-01
-1.734357029199600220e-01
-1.582119017839431763e-01
-1.402902156114578247e-01
-1.266080588102340698e-01
-1.152383908629417419e-01
-1.015562415122985840e-01
-8.787409216165542603e-02
-7.708253711462020874e-02
-6.744722276926040649e-02
-5.761919543147087097e-02
-4.586411267518997192e-02
-3.796315193176269531e-02
-3.006218932569026947e-02
-2.004146017134189606e-02
-1.059884857386350632e-02
7.708253688178956509e-04
9.057198651134967804e-03
1.772898249328136444e-02
2.697888948023319244e-02
3.989021107554435730e-02
4.740575700998306274e-02
5.511401593685150146e-02
6.301496922969818115e-02
7.438464462757110596e-02
8.479078859090805054e-02
9.404069930315017700e-02
1.019416600465774536e-01
1.133113354444503784e-01
1.225612312555313110e-01
1.296913772821426392e-01
1.348944455385208130e-01
1.453005820512771606e-01
1.532015353441238403e-01
1.630295515060424805e-01
1.718940585851669312e-01
1.805658340454101562e-01
1.876959800720214844e-01
1.982948333024978638e-01
2.065811902284622192e-01
2.166019231081008911e-01
2.225758135318756104e-01
2.736429870128631592e-01
3.019708395004272461e-01
3.408975303173065186e-01
3.723086416721343994e-01
4.308913946151733398e-01
4.873543381690979004e-01
5.364944934844970703e-01
5.927646756172180176e-01
6.569359302520751953e-01
7.143624424934387207e-01
7.769920229911804199e-01
8.392361402511596680e-01
9.118863940238952637e-01
9.712399244308471680e-01
1.027510166168212891e+00
1.064124464988708496e+00
1.099196910858154297e+00
1.140243411064147949e+00
1.170112967491149902e+00
1.197862625122070312e+00
1.222143530845642090e+00
1.248158931732177734e+00
1.271283745765686035e+00
1.289783477783203125e+00
1.305392742156982422e+00
1.321580052375793457e+00
1.339309096336364746e+00
1.355496406555175781e+00
1.370720148086547852e+00
1.384016990661621094e+00
1.398855328559875488e+00
1.411573886871337891e+00
1.423521757125854492e+00
1.432000875473022461e+00
1.442407011985778809e+00
1.455125570297241211e+00
1.463026523590087891e+00
1.470542073249816895e+00
1.481526374816894531e+00
1.490198135375976562e+00
1.496750116348266602e+00
1.502531290054321289e+00
1.507156252861022949e+00
1.511781215667724609e+00
1.518718719482421875e+00
1.524499893188476562e+00
1.527968645095825195e+00
1.532015442848205566e+00
1.537411212921142578e+00
1.541072607040405273e+00
1.545504927635192871e+00
1.549166202545166016e+00
1.553213119506835938e+00
1.558801651000976562e+00
1.564197421073913574e+00
1.569785833358764648e+00
1.573447346687316895e+00
1.576723337173461914e+00
1.579613804817199707e+00
1.581926345825195312e+00
1.585394978523254395e+00
1.588478326797485352e+00
1.591369032859802246e+00
1.593103289604187012e+00
1.597150206565856934e+00
1.599462747573852539e+00
1.601582407951354980e+00
1.602545857429504395e+00
1.602353215217590332e+00
1.602738618850708008e+00
1.603316664695739746e+00
1.606978178024291992e+00
1.609868764877319336e+00
1.611795783042907715e+00
1.614686489105224609e+00
1.617577075958251953e+00
1.620853066444396973e+00
1.624129056930541992e+00
1.626056075096130371e+00
1.628561258316040039e+00
1.630295634269714355e+00
1.630873680114746094e+00
1.633186221122741699e+00
1.635306000709533691e+00
1.635113239288330078e+00
1.636269569396972656e+00
1.637040376663208008e+00
1.635498762130737305e+00
1.636076927185058594e+00
1.637811183929443359e+00
1.638967394828796387e+00
1.638774752616882324e+00
1.638774752616882324e+00
1.638003945350646973e+00
1.637811183929443359e+00
1.641472697257995605e+00
1.643206954002380371e+00
1.643977761268615723e+00
1.646482944488525391e+00
1.648602724075317383e+00
1.651493310928344727e+00
1.648988127708435059e+00
1.650337100028991699e+00
1.650722503662109375e+00
1.653034925460815430e+00
1.652264118194580078e+00
1.654576659202575684e+00
1.657274484634399414e+00
1.658045291900634766e+00
1.656889081001281738e+00
1.658430814743041992e+00
1.660165190696716309e+00
1.660743236541748047e+00
1.659587025642395020e+00
1.660935997962951660e+00
1.659972429275512695e+00
1.658430814743041992e+00
1.661706805229187012e+00
1.660935997962951660e+00
1.662670254707336426e+00
1.662863135337829590e+00
1.663633942604064941e+00
1.662863135337829590e+00
1.660550594329833984e+00
1.653613090515136719e+00
1.608905315399169922e+00
1.585394978523254395e+00
1.548202753067016602e+00
1.513901114463806152e+00
1.463604688644409180e+00
1.423907160758972168e+00
1.368022322654724121e+00
1.316955089569091797e+00
1.264153599739074707e+00
1.208461403846740723e+00
1.143519401550292969e+00
1.083587765693664551e+00
1.021921753883361816e+00
9.589067697525024414e-01
8.947355151176452637e-01
8.228560686111450195e-01
7.556015849113464355e-01
6.835293769836425781e-01
6.247539520263671875e-01
5.580775737762451172e-01
5.164530277252197266e-01
4.748284220695495605e-01
4.333965480327606201e-01
3.987094461917877197e-01
3.636368811130523682e-01
3.353090584278106689e-01
3.089082539081573486e-01
2.842418551445007324e-01
2.588046193122863770e-01
2.391485720872879028e-01
2.198779433965682983e-01
2.025343626737594604e-01
1.853834986686706543e-01
1.695815771818161011e-01
1.553213149309158325e-01
1.420245617628097534e-01
1.291132569313049316e-01
1.144675686955451965e-01
1.019416600465774536e-01
8.903033286333084106e-02
7.669711858034133911e-02
6.609827280044555664e-02
5.646295845508575439e-02
4.355163127183914185e-02
3.237466514110565186e-02
2.293205633759498596e-02
1.291132438927888870e-02
3.854126844089478254e-04
-1.021343562752008438e-02
-1.734357140958309174e-02
-2.582264877855777740e-02
-3.314549103379249573e-02
-4.046833142638206482e-02
-4.779117181897163391e-02
-5.472860112786293030e-02
-6.340038776397705078e-02
-7.168675959110260010e-02
-8.112937211990356445e-02
-9.037927538156509399e-02
-9.731670469045639038e-02
-1.057957783341407776e-01
-1.156238093972206116e-01
-1.242955848574638367e-01
-1.318111270666122437e-01
-1.391339749097824097e-01
-1.472276449203491211e-01
-1.557067334651947021e-01
-1.678472310304641724e-01
-1.770971268415451050e-01
-1.846126765012741089e-01
-1.942480057477951050e-01
-2.056176662445068359e-01
-2.135186344385147095e-01
-2.221904098987579346e-01
-2.778825461864471436e-01
-3.137259483337402344e-01
-3.507255315780639648e-01
-3.859907984733581543e-01
-4.393704533576965332e-01
-4.898595213890075684e-01
-5.445880889892578125e-01
-5.966188311576843262e-01
-6.550088524818420410e-01
-7.199508547782897949e-01
-7.789189815521240234e-01
-8.411632180213928223e-01
-9.070687294006347656e-01
-9.677712917327880859e-01
-1.024041533470153809e+00
-1.061811923980712891e+00
-1.100353240966796875e+00
-1.143519401550292969e+00
-1.174930572509765625e+00
-1.205570936203002930e+00
-1.233127951622009277e+00
-1.258757710456848145e+00
-1.280918955802917480e+00
-1.302887558937072754e+00
-1.320809245109558105e+00
-1.339694499969482422e+00
-1.356267213821411133e+00
-1.372647285461425781e+00
-1.386522173881530762e+00
-1.400782465934753418e+00
-1.409839630126953125e+00
-1.421209216117858887e+00
-1.432578921318054199e+00
-1.441443443298339844e+00
-1.449922561645507812e+00
-1.459750533103942871e+00
-1.468615055084228516e+00
-1.475167036056518555e+00
-1.481140851974487305e+00
-1.490005373954772949e+00
-1.496172070503234863e+00
-1.502338647842407227e+00
-1.511395812034606934e+00
-1.517369627952575684e+00
-1.522380113601684570e+00
-1.528546690940856934e+00
-1.535098671913146973e+00
-1.539338231086730957e+00
-1.544155836105346680e+00
-1.549551725387573242e+00
-1.555140256881713867e+00
-1.558030724525451660e+00
-1.562462925910949707e+00
-1.563426613807678223e+00
-1.565931677818298340e+00
-1.569207787513732910e+00
-1.571520209312438965e+00
-1.574796199798583984e+00
-1.579806566238403320e+00
-1.582311749458312988e+00
-1.585202336311340332e+00
-1.587514877319335938e+00
-1.588863730430603027e+00
-1.590790867805480957e+00
-1.593296051025390625e+00
-1.596764802932739258e+00
-1.600040793418884277e+00
-1.603894948959350586e+00
-1.607170820236206055e+00
-1.610061526298522949e+00
-1.611795783042907715e+00
-1.612759351730346680e+00
-1.615264534950256348e+00
-1.615649938583374023e+00
-1.615264534950256348e+00
-1.617769837379455566e+00
-1.618347883224487305e+00
-1.618540644645690918e+00
-1.620853066444396973e+00
-1.622394680976867676e+00
-1.623550891876220703e+00
-1.623743653297424316e+00
-1.623550891876220703e+00
-1.625863313674926758e+00
-1.626634240150451660e+00
-1.628946661949157715e+00
-1.632993578910827637e+00
-1.633571624755859375e+00
-1.634920597076416016e+00
-1.637040376663208008e+00
-1.637040376663208008e+00
-1.638389348983764648e+00
-1.641858100891113281e+00
-1.643592357635498047e+00
-1.643399596214294434e+00
-1.643784999847412109e+00
-1.643592357635498047e+00
-1.642436146736145020e+00
-1.640701889991760254e+00
-1.641858100891113281e+00
-1.643014192581176758e+00
-1.641665339469909668e+00
-1.644941329956054688e+00
-1.647253751754760742e+00
-1.647831916809082031e+00
-1.646868348121643066e+00
-1.646675705909729004e+00
-1.648024559020996094e+00
-1.649951696395874023e+00
-1.648602724075317383e+00
-1.649951696395874023e+00
-1.650722503662109375e+00
-1.653613090515136719e+00
-1.655540227890014648e+00
-1.658238172531127930e+00
-1.659201622009277344e+00
-1.660935997962951660e+00
-1.662477612495422363e+00
-1.664597392082214355e+00
-1.666717052459716797e+00
-1.667680740356445312e+00
-1.669029593467712402e+00
-1.670185804367065430e+00
-1.672305703163146973e+00
-1.656503677368164062e+00
-1.608134388923645020e+00
-1.584816932678222656e+00
-1.551286101341247559e+00
-1.517369627952575684e+00
-1.459750533103942871e+00
-1.413115501403808594e+00
-1.366480588912963867e+00
-1.312908291816711426e+00
-1.249700546264648438e+00
-1.198633432388305664e+00
-1.132149815559387207e+00
-1.070869088172912598e+00
-9.991823434829711914e-01
-9.413704872131347656e-01
-8.679493665695190430e-01
-7.947209477424621582e-01
-7.274664640426635742e-01
-6.571286320686340332e-01
-5.971969366073608398e-01
-5.370725989341735840e-01
-4.960260987281799316e-01
-4.590265154838562012e-01
-4.220268726348876953e-01
-3.900376260280609131e-01
-3.530380129814147949e-01
-3.268299400806427002e-01
-3.038979172706604004e-01
-2.803877294063568115e-01
-2.582265138626098633e-01
-2.368361055850982666e-01
-2.194925248622894287e-01
-2.011854201555252075e-01
-1.844199597835540771e-01
-1.666909903287887573e-01
-1.512744873762130737e-01
-1.399048119783401489e-01
-1.273788958787918091e-01
-1.131186261773109436e-01
-1.004000008106231689e-01
-9.018656611442565918e-02
-7.900959998369216919e-02
-6.763993203639984131e-02
-5.916084721684455872e-02
-5.164529755711555481e-02
-4.220268875360488892e-02
-3.237466514110565186e-02
-2.447370439767837524e-02
-1.503109466284513474e-02
-4.817658569663763046e-03
2.505182521417737007e-03
1.291132438927888870e-02
2.158311009407043457e-02
3.160383924841880798e-02
4.046833142638206482e-02
4.875470325350761414e-02
5.819731205701828003e-02
6.667639315128326416e-02
7.592630386352539062e-02
8.652514964342117310e-02
9.365528076887130737e-02
1.023270711302757263e-01
1.090717911720275879e-01
1.194779276847839355e-01
1.296913772821426392e-01
1.370142102241516113e-01
1.420245617628097534e-01
1.514671891927719116e-01
1.605243831872940063e-01
1.688107550144195557e-01
1.784460842609405518e-01
1.869251579046249390e-01
1.963677555322647095e-01
2.056176662445068359e-01
2.121696770191192627e-01
2.210341840982437134e-01
2.744138240814208984e-01
3.056322336196899414e-01
3.407047986984252930e-01
3.775117397308349609e-01
4.310840964317321777e-01
4.792606830596923828e-01
5.361090302467346191e-01
5.925719738006591797e-01
6.505766510963439941e-01
7.081958055496215820e-01
7.702472805976867676e-01
8.388507366180419922e-01
9.020584225654602051e-01
9.583286046981811523e-01
1.014406204223632812e+00
1.049864053726196289e+00
1.090910553932189941e+00
1.122707128524780273e+00
1.155852675437927246e+00
1.182638883590698242e+00
1.212508320808410645e+00
1.236982107162475586e+00
1.258179664611816406e+00
1.278028488159179688e+00
1.296913743019104004e+00
1.314642667770385742e+00
1.331793546676635742e+00
1.347210049629211426e+00
1.364939093589782715e+00
1.381511807441711426e+00
1.395579338073730469e+00
1.410225033760070801e+00
1.424099922180175781e+00
1.436818480491638184e+00
1.449537158012390137e+00
1.459365129470825195e+00
1.473047256469726562e+00
1.484609603881835938e+00
1.494822978973388672e+00
1.506385445594787598e+00
1.517176985740661621e+00
1.525077939033508301e+00
1.532786250114440918e+00
1.541650772094726562e+00
1.551478743553161621e+00
1.559957861900329590e+00
1.568436980247497559e+00
1.576337814331054688e+00
1.585009574890136719e+00
1.593488693237304688e+00
1.600618839263916016e+00
1.608327150344848633e+00
1.619118690490722656e+00
1.628754019737243652e+00
1.637233138084411621e+00
1.645904898643493652e+00
1.656696438789367676e+00
1.666139006614685059e+00
1.675581574440002441e+00
1.681362867355346680e+00
1.690227389335632324e+00
1.696779370307922363e+00
1.707956194877624512e+00
1.716049909591674805e+00
1.724914431571960449e+00
1.732237339019775391e+00
1.740523695945739746e+00
1.750159025192260742e+00
1.758830785751342773e+00
1.767117261886596680e+00
1.776174426078796387e+00
1.771549344062805176e+00
1.718747854232788086e+00
1.693117856979370117e+00
1.659201622009277344e+00
1.627790451049804688e+00
1.583082556724548340e+00
1.541843414306640625e+00
1.490390896797180176e+00
1.446453809738159180e+00
1.386136770248413086e+00
1.327939391136169434e+00
1.270127534866333008e+00
1.210966706275939941e+00
1.141014337539672852e+00
1.077035665512084961e+00
1.011708259582519531e+00
9.461881518363952637e-01
8.802825808525085449e-01
8.049343824386596680e-01
7.369090318679809570e-01
6.550088524818420410e-01
6.010510921478271484e-01
5.312913656234741211e-01
4.892813861370086670e-01
4.459224641323089600e-01
4.014073014259338379e-01
3.717305362224578857e-01
3.397412896156311035e-01
3.133405148983001709e-01
2.819294035434722900e-01
2.568775415420532227e-01
2.333673834800720215e-01
2.119769752025604248e-01
1.932844668626785278e-01
1.743992418050765991e-01
1.564775556325912476e-01
1.400975137948989868e-01
1.260299384593963623e-01
1.109988465905189514e-01
9.596775472164154053e-02
8.286372572183609009e-02
7.284300029277801514e-02
6.050979346036911011e-02
4.721305519342422485e-02
3.642150014638900757e-02
2.697888948023319244e-02
1.638003811240196228e-02
2.697888761758804321e-03
-7.322840858250856400e-03
-1.695815846323966980e-02
-2.697888948023319244e-02
-3.719232231378555298e-02
-4.759846627712249756e-02
-5.607754737138748169e-02
-6.725451350212097168e-02
-7.804606854915618896e-02
-9.037927538156509399e-02
-9.885835647583007812e-02
-1.079155579209327698e-01
-1.173581629991531372e-01
-1.283424198627471924e-01
-1.356652677059173584e-01
-1.443370580673217773e-01
-1.514671891927719116e-01
-1.624514460563659668e-01
-1.730502992868423462e-01
-1.805658340454101562e-01
-1.882741004228591919e-01
-1.979094147682189941e-01
-2.063884884119033813e-01
-2.162165045738220215e-01
-2.245028913021087646e-01
-2.360652685165405273e-01
-2.451224625110626221e-01
-2.553358972072601318e-01
-2.659347355365753174e-01
-2.755700647830963135e-01
-2.863616049289703369e-01
-2.971531748771667480e-01
-3.069812059402465820e-01
-3.202779293060302734e-01
-3.312622010707855225e-01
-3.418610394001007080e-01
-3.530380129814147949e-01
-3.644076883792877197e-01
-3.769336044788360596e-01
-3.898449242115020752e-01
-4.025635421276092529e-01
-4.148967564105987549e-01
-4.281935095787048340e-01
-4.416829347610473633e-01
-4.540161192417144775e-01
-4.671201705932617188e-01
-4.817658662796020508e-01
-4.848491549491882324e-01
-4.557504951953887939e-01
-4.412975311279296875e-01
-4.276153743267059326e-01
-4.131623804569244385e-01
-3.790533542633056641e-01
-3.572775721549987793e-01
-3.295278549194335938e-01
-3.040905892848968506e-01
-2.759554684162139893e-01
-2.478203624486923218e-01
-2.169873416423797607e-01
-1.932844668626785278e-01
-1.684253364801406860e-01
-1.447224617004394531e-01
-1.241028830409049988e-01
-9.962917864322662354e-02
-7.958772033452987671e-02
-5.993167310953140259e-02
-4.432246088981628418e-02
-2.986948192119598389e-02
-1.715086400508880615e-02
-1.291132438927888870e-02
-1.310403179377317429e-02
-1.310403179377317429e-02
-1.310403179377317429e-02
-1.310403179377317429e-02
-1.310403179377317429e-02
-1.329673733562231064e-02
-1.329673733562231064e-02
-1.329673733562231064e-02
-1.329673733562231064e-02
-1.329673733562231064e-02
-1.329673733562231064e-02
-1.329673733562231064e-02
-1.329673733562231064e-02
-1.329673733562231064e-02
-1.329673733562231064e-02
-1.329673733562231064e-02
-1.329673733562231064e-02
-1.329673733562231064e-02
-1.329673733562231064e-02
-1.329673733562231064e-02
-1.348944474011659622e-02
-1.348944474011659622e-02
-1.348944474011659622e-02
-1.348944474011659622e-02
-1.348944474011659622e-02
-1.348944474011659622e-02
-1.348944474011659622e-02
-1.348944474011659622e-02
-1.348944474011659622e-02
-1.348944474011659622e-02
-1.348944474011659622e-02
-1.348944474011659622e-02
-1.348944474011659622e-02
-1.348944474011659622e-02
-1.348944474011659622e-02
-1.348944474011659622e-02
-1.348944474011659622e-02
-1.348944474011659622e-02
-1.348944474011659622e-02
-1.348944474011659622e-02
-1.348944474011659622e-02
-1.348944474011659622e-02
-1.348944474011659622e-02
