0.000000000000000000e+00
0.000000000000000000e+00
0.000000000000000000e+00
0.000000000000000000e+00
0.000000000000000000e+00
0.000000000000000000e+00
0.000000000000000000e+00
0.000000000000000000e+00
0.000000000000000000e+00
0.000000000000000000e+00
0.000000000000000000e+00
0.000000000000000000e+00
0.000000000000000000e+00
0.000000000000000000e+00
0.000000000000000000e+00
0.000000000000000000e+00
0.000000000000000000e+00
0.000000000000000000e+00
0.000000000000000000e+00
0.000000000000000000e+00
0.000000000000000000e+00
0.000000000000000000e+00
0.000000000000000000e+00
0.000000000000000000e+00
0.000000000000000000e+00
0.000000000000000000e+00
0.000000000000000000e+00
0.000000000000000000e+00
0.000000000000000000e+00
0.000000000000000000e+00
0.000000000000000000e+00
0.000000000000000000e+00
0.000000000000000000e+00
0.000000000000000000e+00
0.000000000000000000e+00
0.000000000000000000e+00
0.000000000000000000e+00
0.000000000000000000e+00
0.000000000000000000e+00
0.000000000000000000e+00
0.000000000000000000e+00
0.000000000000000000e+00
0.000000000000000000e+00
0.000000000000000000e+00
0.000000000000000000e+00
0.000000000000000000e+00
0.000000000000000000e+00
0.000000000000000000e+00
0.000000000000000000e+00
0.000000000000000000e+00
0.000000000000000000e+00
0.000000000000000000e+00
0.000000000000000000e+00
0.000000000000000000e+00
0.000000000000000000e+00
0.000000000000000000e+00
0.000000000000000000e+00
0.000000000000000000e+00
0.000000000000000000e+00
0.000000000000000000e+00
0.000000000000000000e+00
0.000000000000000000e+00
0.000000000000000000e+00
0.000000000000000000e+00
0.000000000000000000e+00
0.000000000000000000e+00
0.000000000000000000e+00
0.000000000000000000e+00
0.000000000000000000e+00
0.000000000000000000e+00
0.000000000000000000e+00
0.000000000000000000e+00
0.000000000000000000e+00
0.000000000000000000e+00
0.000000000000000000e+00
0.000000000000000000e+00
0.000000000000000000e+00
0.000000000000000000e+00
0.000000000000000000e+00
0.000000000000000000e+00
0.000000000000000000e+00
0.000000000000000000e+00
0.000000000000000000e+00
0.000000000000000000e+00
0.000000000000000000e+00
0.000000000000000000e+00
0.000000000000000000e+00
0.000000000000000000e+00
0.000000000000000000e+00
0.000000000000000000e+00
0.000000000000000000e+00
0.000000000000000000e+00
0.000000000000000000e+00
0.000000000000000000e+00
0.000000000000000000e+00
0.000000000000000000e+00
0.000000000000000000e+00
0.000000000000000000e+00
0.000000000000000000e+00
0.000000000000000000e+00
0.000000000000000000e+00
0.000000000000000000e+00
0.000000000000000000e+00
0.000000000000000000e+00
0.000000000000000000e+00
0.000000000000000000e+00
0.000000000000000000e+00
0.000000000000000000e+00
0.000000000000000000e+00
0.000000000000000000e+00
0.000000000000000000e+00
0.000000000000000000e+00
0.000000000000000000e+00
0.000000000000000000e+00
0.000000000000000000e+00
0.000000000000000000e+00
0.000000000000000000e+00
0.000000000000000000e+00
0.000000000000000000e+00
0.000000000000000000e+00
0.000000000000000000e+00
0.000000000000000000e+00
0.000000000000000000e+00
6.194695364683866501e-03
1.121722068637609482e-02
1.694409362971782684e-02
2.433338016271591187e-02
3.236922994256019592e-02
4.111363366246223450e-02
5.022775381803512573e-02
5.966012179851531982e-02
6.942804157733917236e-02
7.960059493780136108e-02
8.982674777507781982e-02
1.002905070781707764e-01
1.110840439796447754e-01
1.228569447994232178e-01
1.334452331066131592e-01
1.442772001028060913e-01
1.551437228918075562e-01
1.663928925991058350e-01
1.776425838470458984e-01
1.888910979032516479e-01
2.004522532224655151e-01
2.120571434497833252e-01
2.235506027936935425e-01
2.352121919393539429e-01
2.469297200441360474e-01
2.586333751678466797e-01
2.702860832214355469e-01
2.821930050849914551e-01
2.939360737800598145e-01
3.056921660900115967e-01
3.175988495349884033e-01
3.294543325901031494e-01
3.411935865879058838e-01
3.527995347976684570e-01
3.642538785934448242e-01
3.754228651523590088e-01
3.862906992435455322e-01
3.967139720916748047e-01
4.065533578395843506e-01
4.165229499340057373e-01
4.258432984352111816e-01
4.348166286945343018e-01
4.436278641223907471e-01
4.519506096839904785e-01
4.600687623023986816e-01
4.677041769027709961e-01
4.749889671802520752e-01
4.820514619350433350e-01
4.888500869274139404e-01
4.952373206615447998e-01
5.013463497161865234e-01
5.072733163833618164e-01
5.127938389778137207e-01
5.183164477348327637e-01
5.234255194664001465e-01
5.281868577003479004e-01
5.326330065727233887e-01
5.370812416076660156e-01
5.379880070686340332e-01
5.412200093269348145e-01
5.440916419029235840e-01
5.457345247268676758e-01
5.483264923095703125e-01
5.506414771080017090e-01
5.533300042152404785e-01
5.554647445678710938e-01
5.577037930488586426e-01
5.600919127464294434e-01
5.622601509094238281e-01
5.645713806152343750e-01
5.668516159057617188e-01
5.690318942070007324e-01
5.710061788558959961e-01
5.729756951332092285e-01
5.748487114906311035e-01
5.766758918762207031e-01
5.816358923912048340e-01
5.859121680259704590e-01
5.909155011177062988e-01
5.955217480659484863e-01
6.001060009002685547e-01
6.043673753738403320e-01
6.084170937538146973e-01
6.121420860290527344e-01
6.157169342041015625e-01
6.190350055694580078e-01
6.221570968627929688e-01
6.252716779708862305e-01
6.279798746109008789e-01
6.305382251739501953e-01
6.328817009925842285e-01
6.351111531257629395e-01
6.371397972106933594e-01
6.390017867088317871e-01
6.407179832458496094e-01
6.422908306121826172e-01
6.437062621116638184e-01
6.449976563453674316e-01
6.461509466171264648e-01
6.471451520919799805e-01
6.480590105056762695e-01
6.488647460937500000e-01
6.495210528373718262e-01
6.500468254089355469e-01
6.504901647567749023e-01
6.508539319038391113e-01
6.511199474334716797e-01
6.512900590896606445e-01
6.513820886611938477e-01
6.514063477516174316e-01
6.513420939445495605e-01
6.512044072151184082e-01
6.509623527526855469e-01
6.506543755531311035e-01
6.502665281295776367e-01
6.498233675956726074e-01
6.493194103240966797e-01
6.488052606582641602e-01
6.482506394386291504e-01
6.476461887359619141e-01
6.470046043395996094e-01
6.463328599929809570e-01
6.456486582756042480e-01
6.449140310287475586e-01
6.441667079925537109e-01
6.433935761451721191e-01
6.426063179969787598e-01
6.417952179908752441e-01
6.410169601440429688e-01
6.402005553245544434e-01
6.394187211990356445e-01
6.386243104934692383e-01
6.384426951408386230e-01
6.377977132797241211e-01
6.373051404953002930e-01
6.370803713798522949e-01
6.367439627647399902e-01
6.365507841110229492e-01
6.364265084266662598e-01
6.364452242851257324e-01
6.365979313850402832e-01
6.369192600250244141e-01
6.373683214187622070e-01
6.379643082618713379e-01
6.387315392494201660e-01
6.397182941436767578e-01
6.408277153968811035e-01
6.420586109161376953e-01
6.434252262115478516e-01
6.450494527816772461e-01
6.468207240104675293e-01
6.486624479293823242e-01
6.507310867309570312e-01
6.568665504455566406e-01
6.629774570465087891e-01
6.705288290977478027e-01
6.786432266235351562e-01
6.875886917114257812e-01
6.968227624893188477e-01
7.063176035881042480e-01
7.162278890609741211e-01
7.264708876609802246e-01
7.368294000625610352e-01
7.473791241645812988e-01
7.582332491874694824e-01
7.689377069473266602e-01
7.798505425453186035e-01
7.910947799682617188e-01
8.025394082069396973e-01
8.140203952789306641e-01
8.255668282508850098e-01
8.372046947479248047e-01
8.487849235534667969e-01
8.603872656822204590e-01
8.721899986267089844e-01
8.838177919387817383e-01
8.955659866333007812e-01
9.073264002799987793e-01
9.190151095390319824e-01
9.307062625885009766e-01
9.424839615821838379e-01
9.540119171142578125e-01
9.656003713607788086e-01
9.768501520156860352e-01
9.879775047302246094e-01
9.984002113342285156e-01
1.009006977081298828e+00
1.019088864326477051e+00
1.028965234756469727e+00
1.038430094718933105e+00
1.047569155693054199e+00
1.056261420249938965e+00
1.064634323120117188e+00
1.072675824165344238e+00
1.080379128456115723e+00
1.087848305702209473e+00
1.095039010047912598e+00
1.101738691329956055e+00
1.108230113983154297e+00
1.114385366439819336e+00
1.120284676551818848e+00
1.125808596611022949e+00
1.131044268608093262e+00
1.135990142822265625e+00
1.140807628631591797e+00
1.145356893539428711e+00
1.146324276924133301e+00
1.149780511856079102e+00
1.152591347694396973e+00
1.154374718666076660e+00
1.157013416290283203e+00
1.159337759017944336e+00
1.161715626716613770e+00
1.163786172866821289e+00
1.166004061698913574e+00
1.168048977851867676e+00
1.170058369636535645e+00
1.171948075294494629e+00
1.173783183097839355e+00
1.175515413284301758e+00
1.180683135986328125e+00
1.185220003128051758e+00
1.189985752105712891e+00
1.194694638252258301e+00
1.199393868446350098e+00
1.203972220420837402e+00
1.208216667175292969e+00
1.212250113487243652e+00
1.216094255447387695e+00
1.219755053520202637e+00
1.223271369934082031e+00
1.226538062095642090e+00
1.229610919952392578e+00
1.232582330703735352e+00
1.235246062278747559e+00
1.237884521484375000e+00
1.240347027778625488e+00
1.242647767066955566e+00
1.244789719581604004e+00
1.246777653694152832e+00
1.248626828193664551e+00
1.250360608100891113e+00
1.251990437507629395e+00
1.253522157669067383e+00
1.254872679710388184e+00
1.256145000457763672e+00
1.257340073585510254e+00
1.258395195007324219e+00
1.259340524673461914e+00
1.260215044021606445e+00
1.261024594306945801e+00
1.261770844459533691e+00
1.262467145919799805e+00
1.263080596923828125e+00
1.263633489608764648e+00
1.264132618904113770e+00
1.264597415924072266e+00
1.264993429183959961e+00
1.265343666076660156e+00
1.265638351440429688e+00
1.265897750854492188e+00
1.266106367111206055e+00
1.266249179840087891e+00
1.266328811645507812e+00
1.266340970993041992e+00
1.266309618949890137e+00
1.266238808631896973e+00
1.266133427619934082e+00
1.266001343727111816e+00
1.265829324722290039e+00
1.265616416931152344e+00
1.265372633934020996e+00
1.265107989311218262e+00
1.264796376228332520e+00
1.264452219009399414e+00
1.264091968536376953e+00
1.263718128204345703e+00
1.263343811035156250e+00
1.262966036796569824e+00
1.262579083442687988e+00
1.262151241302490234e+00
1.261683225631713867e+00
1.261196851730346680e+00
1.260677218437194824e+00
1.260472655296325684e+00
1.259915828704833984e+00
1.259196043014526367e+00
1.258574724197387695e+00
1.257894277572631836e+00
1.257147073745727539e+00
1.256377816200256348e+00
1.255584836006164551e+00
1.254775285720825195e+00
1.253978252410888672e+00
1.253172039985656738e+00
1.252364635467529297e+00
1.251576900482177734e+00
1.250783801078796387e+00
1.249969720840454102e+00
1.249150395393371582e+00
1.248331069946289062e+00
1.247511625289916992e+00
1.246706366539001465e+00
1.245900630950927734e+00
1.245050787925720215e+00
1.244180679321289062e+00
1.243334889411926270e+00
1.242468953132629395e+00
1.241592049598693848e+00
1.240725040435791016e+00
1.239923000335693359e+00
1.239138007164001465e+00
1.238358616828918457e+00
1.237593650817871094e+00
1.236861586570739746e+00
1.236146807670593262e+00
1.235424757003784180e+00
1.234741687774658203e+00
1.234089612960815430e+00
1.233458518981933594e+00
1.232850193977355957e+00
1.232258558273315430e+00
1.231706738471984863e+00
1.231168866157531738e+00
1.230666160583496094e+00
1.230184674263000488e+00
1.229713559150695801e+00
1.229261159896850586e+00
1.228830218315124512e+00
1.228413462638854980e+00
1.228021383285522461e+00
1.227942466735839844e+00
1.227647304534912109e+00
1.227416872978210449e+00
1.227349400520324707e+00
1.227308630943298340e+00
1.227356910705566406e+00
1.227513670921325684e+00
1.227769136428833008e+00
1.228167414665222168e+00
1.228671193122863770e+00
1.229321718215942383e+00
1.230116724967956543e+00
1.230967402458190918e+00
1.232059121131896973e+00
1.233326792716979980e+00
1.234656572341918945e+00
1.236122131347656250e+00
1.237781167030334473e+00
1.239516735076904297e+00
1.245224475860595703e+00
1.250873208045959473e+00
1.257549047470092773e+00
1.265203237533569336e+00
1.273406267166137695e+00
1.282279968261718750e+00
1.291397929191589355e+00
1.300637960433959961e+00
1.310763478279113770e+00
1.321036815643310547e+00
1.331598520278930664e+00
1.342373847961425781e+00
1.353127002716064453e+00
1.364257335662841797e+00
1.375437855720520020e+00
1.386621356010437012e+00
1.397916436195373535e+00
1.409288048744201660e+00
1.420807838439941406e+00
1.432265639305114746e+00
1.443740725517272949e+00
1.455517530441284180e+00
1.467154979705810547e+00
1.478972911834716797e+00
1.490639805793762207e+00
1.502276182174682617e+00
1.514068841934204102e+00
1.525753259658813477e+00
1.537493705749511719e+00
1.549275517463684082e+00
1.561219453811645508e+00
1.572687029838562012e+00
1.584794402122497559e+00
1.595709204673767090e+00
1.606499433517456055e+00
1.616808891296386719e+00
1.627043247222900391e+00
1.636961817741394043e+00
1.646506786346435547e+00
1.655717849731445312e+00
1.664606690406799316e+00
1.673082351684570312e+00
1.681283831596374512e+00
1.689035415649414062e+00
1.696533799171447754e+00
1.703688144683837891e+00
1.710630178451538086e+00
1.717041373252868652e+00
1.723365783691406250e+00
1.729275584220886230e+00
1.735041141510009766e+00
1.740478396415710449e+00
1.745506167411804199e+00
1.750326633453369141e+00
1.754928708076477051e+00
1.756054878234863281e+00
1.759471178054809570e+00
1.762344956398010254e+00
1.764541745185852051e+00
1.767282009124755859e+00
1.769669771194458008e+00
1.772374153137207031e+00
1.774843454360961914e+00
1.777239918708801270e+00
1.779563307762145996e+00
1.781734347343444824e+00
1.783943533897399902e+00
1.785893321037292480e+00
1.787767529487609863e+00
1.793010830879211426e+00
1.797611713409423828e+00
1.802491426467895508e+00
1.807268381118774414e+00
1.811987876892089844e+00
1.816530585289001465e+00
1.820802569389343262e+00
1.824848890304565430e+00
1.828586339950561523e+00
1.832172274589538574e+00
1.835562229156494141e+00
1.838706970214843750e+00
1.841754436492919922e+00
1.844499230384826660e+00
1.847094774246215820e+00
1.849489331245422363e+00
1.851760864257812500e+00
1.853882908821105957e+00
1.855869650840759277e+00
1.857731938362121582e+00
1.859469771385192871e+00
1.861069440841674805e+00
1.862588286399841309e+00
1.863999247550964355e+00
1.865295767784118652e+00
1.866493225097656250e+00
1.867630004882812500e+00
1.868691444396972656e+00
1.869639039039611816e+00
1.870511531829833984e+00
1.871322751045227051e+00
1.872019886970520020e+00
1.872643947601318359e+00
1.873214125633239746e+00
1.873715877532958984e+00
1.874136447906494141e+00
1.874509811401367188e+00
1.874829888343811035e+00
1.875082731246948242e+00
1.875265955924987793e+00
1.875419020652770996e+00
1.875518918037414551e+00
1.875606298446655273e+00
1.875664353370666504e+00
1.875683546066284180e+00
1.875675082206726074e+00
1.875627756118774414e+00
1.875520467758178711e+00
1.875384330749511719e+00
1.875212788581848145e+00
1.875012993812561035e+00
1.874796986579895020e+00
1.874559879302978516e+00
1.874295830726623535e+00
1.873985648155212402e+00
1.873642206192016602e+00
1.873252034187316895e+00
1.872822284698486328e+00
1.872351765632629395e+00
1.871865391731262207e+00
1.871368288993835449e+00
1.870860576629638672e+00
1.870316267013549805e+00
1.869788765907287598e+00
1.869218111038208008e+00
1.868657946586608887e+00
1.868083715438842773e+00
1.867492437362670898e+00
1.866871953010559082e+00
1.866247057914733887e+00
1.865614652633666992e+00
1.864991307258605957e+00
1.864327549934387207e+00
1.863672375679016113e+00
1.862981557846069336e+00
1.862249016761779785e+00
1.861504673957824707e+00
1.860752701759338379e+00
1.859966039657592773e+00
1.859180688858032227e+00
1.858376383781433105e+00
1.857545495033264160e+00
1.856680274009704590e+00
1.855824351310729980e+00
1.854962229728698730e+00
1.854108095169067383e+00
1.853236556053161621e+00
1.852469563484191895e+00
1.851694464683532715e+00
1.850948333740234375e+00
1.850216031074523926e+00
1.849488854408264160e+00
1.848750591278076172e+00
1.848043560981750488e+00
1.847364068031311035e+00
1.846714377403259277e+00
1.846082210540771484e+00
1.845454335212707520e+00
1.844871640205383301e+00
1.844311237335205078e+00
1.843752026557922363e+00
1.843218803405761719e+00
1.842696070671081543e+00
1.842163562774658203e+00
1.841668605804443359e+00
1.841167926788330078e+00
1.840697884559631348e+00
1.840231418609619141e+00
1.839786529541015625e+00
1.839348196983337402e+00
1.838935971260070801e+00
1.838838934898376465e+00
1.838508963584899902e+00
1.838283538818359375e+00
1.838223576545715332e+00
1.838186621665954590e+00
1.838233828544616699e+00
1.838364362716674805e+00
1.838597059249877930e+00
1.838971972465515137e+00
1.839439868927001953e+00
1.840067505836486816e+00
1.840781450271606445e+00
1.841619729995727539e+00
1.842651247978210449e+00
1.843802332878112793e+00
1.845067501068115234e+00
1.846423506736755371e+00
1.847911953926086426e+00
1.849555969238281250e+00
1.855247497558593750e+00
1.860904812812805176e+00
1.868021965026855469e+00
1.875645279884338379e+00
1.884051680564880371e+00
1.892050862312316895e+00
1.901565194129943848e+00
1.911282420158386230e+00
1.921370625495910645e+00
1.931556820869445801e+00
1.941976547241210938e+00
1.952666640281677246e+00
1.963425397872924805e+00
1.974236965179443359e+00
1.985456705093383789e+00
1.996758341789245605e+00
2.008201837539672852e+00
2.019651889801025391e+00
2.031300067901611328e+00
2.042765617370605469e+00
2.054457664489746094e+00
2.066050767898559570e+00
2.077599525451660156e+00
2.089372396469116211e+00
2.101040363311767578e+00
2.112818956375122070e+00
2.124541044235229492e+00
2.136296272277832031e+00
2.148107528686523438e+00
2.159809350967407227e+00
2.173012018203735352e+00
2.184014320373535156e+00
2.195498466491699219e+00
2.206193447113037109e+00
2.216947078704833984e+00
2.227326631546020508e+00
2.237467765808105469e+00
2.247211694717407227e+00
2.256742715835571289e+00
2.265788555145263672e+00
2.274506807327270508e+00
2.282866001129150391e+00
2.291030168533325195e+00
2.298864841461181641e+00
2.306407690048217773e+00
2.313574790954589844e+00
2.320466279983520508e+00
2.326914310455322266e+00
2.333076953887939453e+00
2.339073896408081055e+00
2.344545602798461914e+00
2.349978208541870117e+00
2.354970932006835938e+00
2.359755754470825195e+00
2.364006757736206055e+00
2.368259429931640625e+00
2.369265079498291016e+00
2.372520685195922852e+00
2.375331163406372070e+00
2.377013921737670898e+00
2.379643440246582031e+00
2.381808519363403320e+00
2.384370565414428711e+00
2.386353015899658203e+00
2.388422250747680664e+00
2.390510797500610352e+00
2.392416477203369141e+00
2.394346952438354492e+00
2.396191835403442383e+00
2.397905349731445312e+00
2.403053998947143555e+00
2.407559633255004883e+00
2.412458181381225586e+00
2.417288303375244141e+00
2.422074794769287109e+00
2.426679134368896484e+00
2.431128025054931641e+00
2.435293436050415039e+00
2.439313173294067383e+00
2.443093061447143555e+00
2.446684598922729492e+00
2.450064182281494141e+00
2.453320741653442383e+00
2.456362962722778320e+00
2.459223985671997070e+00
2.461924314498901367e+00
2.464455366134643555e+00
2.466802835464477539e+00
2.468965291976928711e+00
2.470983505249023438e+00
2.472865581512451172e+00
2.474582433700561523e+00
2.476154804229736328e+00
2.477580070495605469e+00
2.478897333145141602e+00
2.480055093765258789e+00
2.481073141098022461e+00
2.481969594955444336e+00
2.482735633850097656e+00
2.483367204666137695e+00
2.483905553817749023e+00
2.484359741210937500e+00
2.484704494476318359e+00
2.484930515289306641e+00
2.485057830810546875e+00
2.485084772109985352e+00
2.485023975372314453e+00
2.484870672225952148e+00
2.484631538391113281e+00
2.484326839447021484e+00
2.483958005905151367e+00
2.483502149581909180e+00
2.482963323593139648e+00
2.482369899749755859e+00
2.481735229492187500e+00
2.481021165847778320e+00
2.480278730392456055e+00
2.479482412338256836e+00
2.478676557540893555e+00
2.477866649627685547e+00
2.477022647857666016e+00
2.476152420043945312e+00
2.475270748138427734e+00
2.474403142929077148e+00
2.473535299301147461e+00
2.472630739212036133e+00
2.471766233444213867e+00
2.470841646194458008e+00
2.470002174377441406e+00
2.469414949417114258e+00
2.468635320663452148e+00
2.468228101730346680e+00
2.467811584472656250e+00
2.467589855194091797e+00
2.467404603958129883e+00
2.467368364334106445e+00
2.467472791671752930e+00
2.467690944671630859e+00
2.468104362487792969e+00
2.468609333038330078e+00
2.469401121139526367e+00
2.470263719558715820e+00
2.471347570419311523e+00
2.472616195678710938e+00
2.474117994308471680e+00
2.475733280181884766e+00
2.477556467056274414e+00
2.479464530944824219e+00
2.481571674346923828e+00
2.487740755081176758e+00
2.493916511535644531e+00
2.501166105270385742e+00
2.509363651275634766e+00
2.518879652023315430e+00
2.527782201766967773e+00
2.537528991699218750e+00
2.547166347503662109e+00
2.557296514511108398e+00
2.567593574523925781e+00
2.578203439712524414e+00
2.588843584060668945e+00
2.599785089492797852e+00
2.610812664031982422e+00
2.622033357620239258e+00
2.633314371109008789e+00
2.644704103469848633e+00
2.656209945678710938e+00
2.667737007141113281e+00
2.679527521133422852e+00
2.691297531127929688e+00
2.702960729598999023e+00
2.714836597442626953e+00
2.726537227630615234e+00
2.738223552703857422e+00
2.750000953674316406e+00
2.761988162994384766e+00
2.773805856704711914e+00
2.786221504211425781e+00
2.797464847564697266e+00
2.808837175369262695e+00
2.819712162017822266e+00
2.830235242843627930e+00
2.840515136718750000e+00
2.850467681884765625e+00
2.860085487365722656e+00
2.869386911392211914e+00
2.878421545028686523e+00
2.887105703353881836e+00
2.895420312881469727e+00
2.903413772583007812e+00
2.911054372787475586e+00
2.918292760848999023e+00
2.925501823425292969e+00
2.932080984115600586e+00
2.938668251037597656e+00
2.944756746292114258e+00
2.950773239135742188e+00
2.956353425979614258e+00
2.961644172668457031e+00
2.966845750808715820e+00
2.971757411956787109e+00
2.976323604583740234e+00
2.980453968048095703e+00
2.984609365463256836e+00
2.988675594329833984e+00
2.992530345916748047e+00
2.996058702468872070e+00
2.999375343322753906e+00
3.002604007720947266e+00
3.005660057067871094e+00
3.008436918258666992e+00
3.011116504669189453e+00
3.013637304306030273e+00
3.016033649444580078e+00
3.018242359161376953e+00
3.020272493362426758e+00
3.022323131561279297e+00
3.024178981781005859e+00
3.025885581970214844e+00
3.027497053146362305e+00
3.029136180877685547e+00
3.030169248580932617e+00
3.031786203384399414e+00
3.032114267349243164e+00
3.033716440200805664e+00
3.034640312194824219e+00
3.035743236541748047e+00
3.036379337310791016e+00
3.037840604782104492e+00
3.038589715957641602e+00
3.039939403533935547e+00
3.040746450424194336e+00
3.041963100433349609e+00
3.042817592620849609e+00
3.043912172317504883e+00
3.044916629791259766e+00
3.045963764190673828e+00
3.047058582305908203e+00
3.048117399215698242e+00
3.049162149429321289e+00
3.050186157226562500e+00
3.051371812820434570e+00
3.052497386932373047e+00
3.053731203079223633e+00
3.053895950317382812e+00
3.053895950317382812e+00
3.053895950317382812e+00
3.053895950317382812e+00
3.053895950317382812e+00
3.053895950317382812e+00
3.053895950317382812e+00
3.053895950317382812e+00
3.053895950317382812e+00
3.053895950317382812e+00
3.053895950317382812e+00
3.053895950317382812e+00
3.053895950317382812e+00
3.053895950317382812e+00
3.053895950317382812e+00
3.053895950317382812e+00
3.053895950317382812e+00
3.053895950317382812e+00
3.053895950317382812e+00
3.053895950317382812e+00
3.053895950317382812e+00
3.053895950317382812e+00
3.053895950317382812e+00
3.053895950317382812e+00
3.053895950317382812e+00
3.053895950317382812e+00
3.053895950317382812e+00
3.053895950317382812e+00
3.053895950317382812e+00
3.053895950317382812e+00
3.053895950317382812e+00
3.053895950317382812e+00
3.053895950317382812e+00
3.053895950317382812e+00
3.053895950317382812e+00
3.053895950317382812e+00
3.053895950317382812e+00
3.053895950317382812e+00
3.053895950317382812e+00
3.053895950317382812e+00
3.053895950317382812e+00
3.053895950317382812e+00
3.053895950317382812e+00
3.053895950317382812e+00
3.053895950317382812e+00
