0.000000000000000000e+00
0.000000000000000000e+00
0.000000000000000000e+00
0.000000000000000000e+00
0.000000000000000000e+00
0.000000000000000000e+00
0.000000000000000000e+00
0.000000000000000000e+00
0.000000000000000000e+00
0.000000000000000000e+00
0.000000000000000000e+00
0.000000000000000000e+00
0.000000000000000000e+00
0.000000000000000000e+00
0.000000000000000000e+00
0.000000000000000000e+00
0.000000000000000000e+00
0.000000000000000000e+00
0.000000000000000000e+00
0.000000000000000000e+00
0.000000000000000000e+00
0.000000000000000000e+00
0.000000000000000000e+00
0.000000000000000000e+00
0.000000000000000000e+00
0.000000000000000000e+00
0.000000000000000000e+00
0.000000000000000000e+00
0.000000000000000000e+00
0.000000000000000000e+00
0.000000000000000000e+00
0.000000000000000000e+00
0.000000000000000000e+00
0.000000000000000000e+00
0.000000000000000000e+00
0.000000000000000000e+00
0.000000000000000000e+00
0.000000000000000000e+00
0.000000000000000000e+00
0.000000000000000000e+00
0.000000000000000000e+00
0.000000000000000000e+00
0.000000000000000000e+00
0.000000000000000000e+00
0.000000000000000000e+00
0.000000000000000000e+00
0.000000000000000000e+00
0.000000000000000000e+00
0.000000000000000000e+00
0.000000000000000000e+00
0.000000000000000000e+00
0.000000000000000000e+00
0.000000000000000000e+00
0.000000000000000000e+00
0.000000000000000000e+00
0.000000000000000000e+00
0.000000000000000000e+00
0.000000000000000000e+00
0.000000000000000000e+00
0.000000000000000000e+00
0.000000000000000000e+00
0.000000000000000000e+00
0.000000000000000000e+00
0.000000000000000000e+00
0.000000000000000000e+00
0.000000000000000000e+00
0.000000000000000000e+00
0.000000000000000000e+00
0.000000000000000000e+00
0.000000000000000000e+00
0.000000000000000000e+00
0.000000000000000000e+00
0.000000000000000000e+00
0.000000000000000000e+00
0.000000000000000000e+00
0.000000000000000000e+00
0.000000000000000000e+00
0.000000000000000000e+00
0.000000000000000000e+00
0.000000000000000000e+00
0.000000000000000000e+00
0.000000000000000000e+00
0.000000000000000000e+00
0.000000000000000000e+00
0.000000000000000000e+00
0.000000000000000000e+00
0.000000000000000000e+00
0.000000000000000000e+00
0.000000000000000000e+00
0.000000000000000000e+00
0.000000000000000000e+00
0.000000000000000000e+00
0.000000000000000000e+00
0.000000000000000000e+00
0.000000000000000000e+00
0.000000000000000000e+00
0.000000000000000000e+00
0.000000000000000000e+00
0.000000000000000000e+00
0.000000000000000000e+00
0.000000000000000000e+00
0.000000000000000000e+00
0.000000000000000000e+00
0.000000000000000000e+00
0.000000000000000000e+00
0.000000000000000000e+00
0.000000000000000000e+00
0.000000000000000000e+00
0.000000000000000000e+00
0.000000000000000000e+00
0.000000000000000000e+00
0.000000000000000000e+00
0.000000000000000000e+00
0.000000000000000000e+00
0.000000000000000000e+00
0.000000000000000000e+00
0.000000000000000000e+00
0.000000000000000000e+00
0.000000000000000000e+00
0.000000000000000000e+00
0.000000000000000000e+00
0.000000000000000000e+00
0.000000000000000000e+00
-1.193757043438381515e-06
-5.065248387836618349e-06
1.590333522472064942e-05
4.438272299012169242e-05
8.309699478559195995e-05
1.117438296205364168e-04
1.398454915033653378e-04
1.707461196929216385e-04
2.008636511163786054e-04
2.204668417107313871e-04
2.322907093912363052e-04
2.363235835218802094e-04
2.280036424053832889e-04
2.189287915825843811e-04
1.862817880464717746e-04
1.466212124796584249e-04
1.235866657225415111e-04
9.540537575958296657e-05
5.638324364554136992e-05
2.191294242948060855e-06
-5.573479211307130754e-05
-1.340077287750318646e-04
-2.336790057597681880e-04
-3.460455918684601784e-04
-4.634676733985543251e-04
-5.604508332908153534e-04
-6.300637614913284779e-04
-6.782494019716978073e-04
-7.076679612509906292e-04
-7.257917313836514950e-04
-7.693872903473675251e-04
-8.150800713337957859e-04
-8.535381057299673557e-04
-8.736670133657753468e-04
-8.427643915638327599e-04
-7.954126922413706779e-04
-7.660923874936997890e-04
-7.480147178284823895e-04
-7.309496868401765823e-04
-7.405556971207261086e-04
-7.459439802914857864e-04
-7.666946039535105228e-04
-7.734865066595375538e-04
-7.927326951175928116e-04
-8.083768771030008793e-04
-8.289763936772942543e-04
-8.289763936772942543e-04
-8.357813348993659019e-04
-8.318509208038449287e-04
-8.318509208038449287e-04
-8.165466715581715107e-04
-7.994142360985279083e-04
-7.621793774887919426e-04
-7.323803729377686977e-04
-7.057972252368927002e-04
-6.764356512576341629e-04
-6.430197390727698803e-04
-6.121597834862768650e-04
-6.041217711754143238e-04
-5.767167313024401665e-04
-5.816971533931791782e-04
-6.653508171439170837e-04
-8.625287446193397045e-04
-1.105656148865818977e-03
-1.491140224970877171e-03
-1.903850701637566090e-03
-2.441997174173593521e-03
-3.139686537906527519e-03
-3.919227514415979385e-03
-4.900244530290365219e-03
-6.026142276823520660e-03
-7.267018780112266541e-03
-8.555211126804351807e-03
-1.004466786980628967e-02
-1.165371201932430267e-02
-1.344009768217802048e-02
-1.905152946710586548e-02
-2.459808625280857086e-02
-3.196098655462265015e-02
-3.977090120315551758e-02
-4.828817397356033325e-02
-5.719696730375289917e-02
-6.662035733461380005e-02
-7.609286904335021973e-02
-8.598078042268753052e-02
-9.604088217020034790e-02
-1.063624545931816101e-01
-1.175062954425811768e-01
-1.280960440635681152e-01
-1.390919238328933716e-01
-1.499278396368026733e-01
-1.612346917390823364e-01
-1.724050790071487427e-01
-1.836673617362976074e-01
-1.949510723352432251e-01
-2.063385844230651855e-01
-2.177344113588333130e-01
-2.292155623435974121e-01
-2.408610582351684570e-01
-2.521897852420806885e-01
-2.636973261833190918e-01
-2.752211987972259521e-01
-2.868227064609527588e-01
-2.982661426067352295e-01
-3.100441396236419678e-01
-3.218212425708770752e-01
-3.335940539836883545e-01
-3.451696634292602539e-01
-3.567461371421813965e-01
-3.679424524307250977e-01
-3.787836432456970215e-01
-3.883399367332458496e-01
-3.990060985088348389e-01
-4.092627465724945068e-01
-4.191835820674896240e-01
-4.285342693328857422e-01
-4.377414882183074951e-01
-4.464578926563262939e-01
-4.547216892242431641e-01
-4.627749919891357422e-01
-4.704686701297760010e-01
-4.778061807155609131e-01
-4.847354292869567871e-01
-4.914952814579010010e-01
-4.978788495063781738e-01
-5.040304660797119141e-01
-5.097832679748535156e-01
-5.154498815536499023e-01
-5.205832719802856445e-01
-5.257339477539062500e-01
-5.304431319236755371e-01
-5.349839925765991211e-01
-5.359792113304138184e-01
-5.393334627151489258e-01
-5.421651005744934082e-01
-5.438864231109619141e-01
-5.469762086868286133e-01
-5.494788289070129395e-01
-5.525223612785339355e-01
-5.553627014160156250e-01
-5.581578016281127930e-01
-5.611014962196350098e-01
-5.638637542724609375e-01
-5.665567517280578613e-01
-5.692755579948425293e-01
-5.720601677894592285e-01
-5.746721625328063965e-01
-5.771396160125732422e-01
-5.794981122016906738e-01
-5.818784236907958984e-01
-5.841386914253234863e-01
-5.861886143684387207e-01
-5.882032513618469238e-01
-5.933218002319335938e-01
-5.977356433868408203e-01
-6.025392413139343262e-01
-6.070504188537597656e-01
-6.115425825119018555e-01
-6.157208681106567383e-01
-6.196134686470031738e-01
-6.233216524124145508e-01
-6.267433762550354004e-01
-6.299065947532653809e-01
-6.328721046447753906e-01
-6.356674432754516602e-01
-6.381748318672180176e-01
-6.404728293418884277e-01
-6.426376700401306152e-01
-6.446427106857299805e-01
-6.464744210243225098e-01
-6.481049656867980957e-01
-6.495863199234008789e-01
-6.509267687797546387e-01
-6.521091461181640625e-01
-6.531489491462707520e-01
-6.540470123291015625e-01
-6.548405885696411133e-01
-6.555189490318298340e-01
-6.560553908348083496e-01
-6.564994454383850098e-01
-6.568536162376403809e-01
-6.570847034454345703e-01
-6.572075486183166504e-01
-6.571989059448242188e-01
-6.570981144905090332e-01
-6.569133400917053223e-01
-6.566271185874938965e-01
-6.562247276306152344e-01
-6.557561755180358887e-01
-6.552339792251586914e-01
-6.546573042869567871e-01
-6.540095210075378418e-01
-6.532978415489196777e-01
-6.525393724441528320e-01
-6.517513394355773926e-01
-6.509013772010803223e-01
-6.500156521797180176e-01
-6.491418480873107910e-01
-6.482608318328857422e-01
-6.473600864410400391e-01
-6.464491486549377441e-01
-6.455405354499816895e-01
-6.446315646171569824e-01
-6.437286734580993652e-01
-6.428136825561523438e-01
-6.418995857238769531e-01
-6.416968107223510742e-01
-6.409362554550170898e-01
-6.403000950813293457e-01
-6.397995352745056152e-01
-6.389775872230529785e-01
-6.381530165672302246e-01
-6.372244358062744141e-01
-6.362726092338562012e-01
-6.350971460342407227e-01
-6.338810920715332031e-01
-6.325276494026184082e-01
-6.310703158378601074e-01
-6.294790506362915039e-01
-6.277757287025451660e-01
-6.220192909240722656e-01
-6.161603927612304688e-01
-6.091877222061157227e-01
-6.013903021812438965e-01
-5.929232835769653320e-01
-5.839458107948303223e-01
-5.747043490409851074e-01
-5.651825070381164551e-01
-5.553569793701171875e-01
-5.452862381935119629e-01
-5.347684621810913086e-01
-5.241898298263549805e-01
-5.135442018508911133e-01
-5.026125907897949219e-01
-4.921463131904602051e-01
-4.809529185295104980e-01
-4.696927666664123535e-01
-4.583474099636077881e-01
-4.470132887363433838e-01
-4.355654120445251465e-01
-4.240496456623077393e-01
-4.123628437519073486e-01
-4.006956219673156738e-01
-3.888305723667144775e-01
-3.772071599960327148e-01
-3.654464781284332275e-01
-3.535655736923217773e-01
-3.417773246765136719e-01
-3.300735056400299072e-01
-3.182838857173919678e-01
-3.064434826374053955e-01
-2.947337031364440918e-01
-2.829481959342956543e-01
-2.711798846721649170e-01
-2.592470943927764893e-01
-2.476008087396621704e-01
-2.356219589710235596e-01
-2.237636148929595947e-01
-2.119845151901245117e-01
-2.003376781940460205e-01
-1.883495450019836426e-01
-1.764837652444839478e-01
-1.645805388689041138e-01
-1.525083780288696289e-01
-1.405201405286788940e-01
-1.287155300378799438e-01
-1.167763546109199524e-01
-1.048297658562660217e-01
-9.296438097953796387e-02
-8.118133246898651123e-02
-6.913964450359344482e-02
-5.729271471500396729e-02
-4.542866721749305725e-02
-3.360697627067565918e-02
-2.160367369651794434e-02
-9.907171130180358887e-03
1.861889148131012917e-03
1.371975988149642944e-02
2.554244548082351685e-02
3.743727132678031921e-02
4.925766959786415100e-02
6.122967228293418884e-02
7.308641076087951660e-02
8.491714298725128174e-02
8.928666263818740845e-02
1.004007533192634583e-01
1.138847395777702332e-01
1.251168251037597656e-01
1.368840932846069336e-01
1.494277864694595337e-01
1.622162759304046631e-01
1.749106347560882568e-01
1.874431371688842773e-01
1.998177170753479004e-01
2.121130973100662231e-01
2.242844104766845703e-01
2.364420145750045776e-01
2.485731244087219238e-01
2.607024610042572021e-01
2.727033793926239014e-01
2.847381830215454102e-01
2.967735230922698975e-01
3.087367713451385498e-01
3.207418918609619141e-01
3.327469229698181152e-01
3.447423875331878662e-01
3.562794029712677002e-01
3.676992952823638916e-01
3.789464235305786133e-01
3.896670341491699219e-01
3.999041616916656494e-01
4.097528159618377686e-01
4.194830954074859619e-01
4.287643730640411377e-01
4.377307593822479248e-01
4.462427198886871338e-01
4.545717239379882812e-01
4.623812437057495117e-01
4.699369072914123535e-01
4.771199226379394531e-01
4.839086532592773438e-01
4.904681444168090820e-01
4.966666400432586670e-01
5.026169419288635254e-01
5.082395672798156738e-01
5.137193799018859863e-01
5.188875794410705566e-01
5.238925814628601074e-01
5.285701155662536621e-01
5.330840349197387695e-01
5.372949838638305664e-01
5.381501317024230957e-01
5.414294600486755371e-01
5.442057251930236816e-01
5.459738969802856445e-01
5.487663745880126953e-01
5.509042739868164062e-01
5.536573529243469238e-01
5.560310482978820801e-01
5.587229132652282715e-01
5.611734986305236816e-01
5.636811256408691406e-01
5.661917924880981445e-01
5.684359073638916016e-01
5.708334445953369141e-01
5.732260942459106445e-01
5.754005908966064453e-01
5.774890780448913574e-01
5.795572996139526367e-01
5.814279913902282715e-01
5.868053436279296875e-01
5.914062857627868652e-01
5.962203145027160645e-01
6.009985804557800293e-01
6.056567430496215820e-01
6.102183461189270020e-01
6.144375801086425781e-01
6.183301210403442383e-01
6.221835017204284668e-01
6.257634162902832031e-01
6.291338801383972168e-01
6.322818994522094727e-01
6.351287364959716797e-01
6.378424763679504395e-01
6.403412222862243652e-01
6.426377296447753906e-01
6.447559595108032227e-01
6.467030644416809082e-01
6.485068798065185547e-01
6.501451730728149414e-01
6.516350507736206055e-01
6.529890298843383789e-01
6.541795134544372559e-01
6.552344560623168945e-01
6.561310291290283203e-01
6.569012999534606934e-01
6.575678586959838867e-01
6.580770611763000488e-01
6.584572792053222656e-01
6.587275266647338867e-01
6.588817238807678223e-01
6.588861346244812012e-01
6.587624549865722656e-01
6.585731506347656250e-01
6.582944393157958984e-01
6.579526066780090332e-01
6.575382351875305176e-01
6.570638418197631836e-01
6.565409302711486816e-01
6.559561491012573242e-01
6.553178429603576660e-01
6.546286940574645996e-01
6.538854241371154785e-01
6.531286835670471191e-01
6.523324251174926758e-01
6.515014767646789551e-01
6.506341695785522461e-01
6.497842073440551758e-01
6.488985419273376465e-01
6.480221152305603027e-01
6.471170186996459961e-01
6.461957097053527832e-01
6.452958583831787109e-01
6.443957090377807617e-01
6.434903144836425781e-01
6.432554125785827637e-01
6.425147056579589844e-01
6.418654918670654297e-01
6.412388086318969727e-01
6.403497457504272461e-01
6.394761800765991211e-01
6.383771896362304688e-01
6.372165679931640625e-01
6.359387040138244629e-01
6.345314383506774902e-01
6.330568790435791016e-01
6.313599348068237305e-01
6.296499967575073242e-01
6.277998685836791992e-01
6.219365000724792480e-01
6.160537600517272949e-01
6.089671850204467773e-01
6.011186242103576660e-01
5.926610231399536133e-01
5.837277770042419434e-01
5.743455290794372559e-01
5.646635890007019043e-01
5.548895597457885742e-01
5.446766614913940430e-01
5.341678261756896973e-01
5.236249566078186035e-01
5.125232338905334473e-01
5.017734169960021973e-01
4.907430410385131836e-01
4.797530472278594971e-01
4.684398770332336426e-01
4.570547640323638916e-01
4.454818367958068848e-01
4.340119659900665283e-01
4.224809110164642334e-01
4.109807908535003662e-01
3.993047475814819336e-01
3.876888155937194824e-01
3.760612905025482178e-01
3.643833100795745850e-01
3.525327146053314209e-01
3.407259285449981689e-01
3.290231525897979736e-01
3.173532485961914062e-01
3.055222332477569580e-01
2.938001155853271484e-01
2.821299135684967041e-01
2.703634798526763916e-01
2.584952116012573242e-01
2.467184215784072876e-01
2.348553836345672607e-01
2.228418290615081787e-01
2.109398394823074341e-01
1.992399543523788452e-01
1.872512102127075195e-01
1.752627491950988770e-01
1.634063273668289185e-01
1.514616906642913818e-01
1.393498629331588745e-01
1.275970488786697388e-01
1.157692968845367432e-01
1.038620993494987488e-01
9.203621000051498413e-02
8.013217896223068237e-02
6.818354874849319458e-02
5.623160302639007568e-02
4.437634348869323730e-02
3.264056891202926636e-02
2.069725096225738525e-02
8.957434445619583130e-03
-2.826639916747808456e-03
-1.463586371392011642e-02
-2.661309763789176941e-02
-3.846836835145950317e-02
-5.030846595764160156e-02
-6.171892955899238586e-02
-7.384476810693740845e-02
-8.570004254579544067e-02
-9.783997386693954468e-02
-1.096112877130508423e-01
-1.216284036636352539e-01
-1.334306448698043823e-01
-1.454449743032455444e-01
-1.572801023721694946e-01
-1.692121773958206177e-01
-1.810177564620971680e-01
-1.930585056543350220e-01
-2.047795355319976807e-01
-2.166454344987869263e-01
-2.284078150987625122e-01
-2.402498573064804077e-01
-2.519598603248596191e-01
-2.638174593448638916e-01
-2.756552100181579590e-01
-2.875356376171112061e-01
-2.992087304592132568e-01
-3.110736608505249023e-01
-3.228425383567810059e-01
-3.346324861049652100e-01
-3.463447690010070801e-01
-3.584898114204406738e-01
-3.694431483745574951e-01
-3.803324699401855469e-01
-3.906456530094146729e-01
-4.009618461132049561e-01
-4.107515513896942139e-01
-4.203882217407226562e-01
-4.295485317707061768e-01
-4.384636878967285156e-01
-4.470092058181762695e-01
-4.551781415939331055e-01
-4.630942344665527344e-01
-4.705688059329986572e-01
-4.776335060596466064e-01
-4.846156239509582520e-01
-4.910391867160797119e-01
-4.971922636032104492e-01
-5.032659173011779785e-01
-5.088494420051574707e-01
-5.143895149230957031e-01
-5.195018053054809570e-01
-5.244600176811218262e-01
-5.290840268135070801e-01
-5.335947275161743164e-01
-5.377779006958007812e-01
-5.387511253356933594e-01
-5.419906377792358398e-01
-5.446150302886962891e-01
-5.462192893028259277e-01
-5.488539338111877441e-01
-5.512737035751342773e-01
-5.537152886390686035e-01
-5.558018684387207031e-01
-5.581595897674560547e-01
-5.604175329208374023e-01
-5.627971291542053223e-01
-5.649436712265014648e-01
-5.670911669731140137e-01
-5.692901015281677246e-01
-5.713974833488464355e-01
-5.733642578125000000e-01
-5.752263665199279785e-01
-5.769833922386169434e-01
-5.786583423614501953e-01
-5.837259292602539062e-01
-5.880905985832214355e-01
-5.929304957389831543e-01
-5.974698066711425781e-01
-6.020189523696899414e-01
-6.059724092483520508e-01
-6.102443933486938477e-01
-6.142391562461853027e-01
-6.179563999176025391e-01
-6.214093565940856934e-01
-6.246771216392517090e-01
-6.277555823326110840e-01
-6.305972337722778320e-01
-6.332067847251892090e-01
-6.357097625732421875e-01
-6.380146741867065430e-01
-6.401493549346923828e-01
-6.420758366584777832e-01
-6.438515186309814453e-01
-6.454661488533020020e-01
-6.469635963439941406e-01
-6.482806205749511719e-01
-6.494440436363220215e-01
-6.505087018013000488e-01
-6.514325141906738281e-01
-6.522304415702819824e-01
-6.529247164726257324e-01
-6.535323858261108398e-01
-6.540311574935913086e-01
-6.544101238250732422e-01
-6.547333002090454102e-01
-6.548987030982971191e-01
-6.549540162086486816e-01
-6.549271941184997559e-01
-6.547883152961730957e-01
-6.545642614364624023e-01
-6.542436480522155762e-01
-6.538491249084472656e-01
-6.533840894699096680e-01
-6.528570652008056641e-01
-6.522749066352844238e-01
-6.516389846801757812e-01
-6.509308218955993652e-01
-6.501948833465576172e-01
-6.494203209877014160e-01
-6.486354470252990723e-01
-6.478081345558166504e-01
-6.469671726226806641e-01
-6.461175084114074707e-01
-6.452600359916687012e-01
-6.444248557090759277e-01
-6.435452103614807129e-01
-6.426942944526672363e-01
-6.418312788009643555e-01
-6.410272717475891113e-01
-6.401813030242919922e-01
-6.399715542793273926e-01
-6.392702460289001465e-01
-6.386387348175048828e-01
-6.381650567054748535e-01
-6.373354196548461914e-01
-6.365678310394287109e-01
-6.355519294738769531e-01
-6.346401572227478027e-01
-6.335648298263549805e-01
-6.323238611221313477e-01
-6.310407519340515137e-01
-6.295713782310485840e-01
-6.279913783073425293e-01
-6.263290643692016602e-01
-6.205983757972717285e-01
-6.148965954780578613e-01
-6.079246401786804199e-01
-6.001582145690917969e-01
-5.918163657188415527e-01
-5.829700231552124023e-01
-5.737150311470031738e-01
-5.642596483230590820e-01
-5.544288754463195801e-01
-5.443346500396728516e-01
-5.339784026145935059e-01
-5.235225558280944824e-01
-5.127192139625549316e-01
-5.018903613090515137e-01
-4.909661710262298584e-01
-4.798837900161743164e-01
-4.687532782554626465e-01
-4.575109481811523438e-01
-4.462229013442993164e-01
-4.348230361938476562e-01
-4.232027530670166016e-01
-4.115840494632720947e-01
-3.999180495738983154e-01
-3.882211446762084961e-01
-3.764489591121673584e-01
-3.646435737609863281e-01
-3.528599143028259277e-01
-3.410827815532684326e-01
-3.292054533958435059e-01
-3.174398243427276611e-01
-3.056704401969909668e-01
-2.937277257442474365e-01
-2.819014489650726318e-01
-2.702046334743499756e-01
-2.584476172924041748e-01
-2.470358759164810181e-01
-2.360752373933792114e-01
-2.252856045961380005e-01
-2.147474288940429688e-01
-2.045336663722991943e-01
-1.947093904018402100e-01
-1.852808296680450439e-01
-1.759942620992660522e-01
-1.670742928981781006e-01
-1.586394160985946655e-01
-1.503471285104751587e-01
-1.425844430923461914e-01
-1.350117772817611694e-01
-1.277528107166290283e-01
-1.210027709603309631e-01
-1.143391132354736328e-01
-1.080347672104835510e-01
-1.020079627633094788e-01
-9.642371535301208496e-02
-9.109541028738021851e-02
-8.581705391407012939e-02
-8.104936778545379639e-02
-7.619068026542663574e-02
-7.196984440088272095e-02
-6.915064901113510132e-02
-6.531953066587448120e-02
-6.258651614189147949e-02
-5.919892713427543640e-02
-5.669796466827392578e-02
-5.345119535923004150e-02
-5.050254240632057190e-02
-4.689523205161094666e-02
-4.418911039829254150e-02
-4.088161513209342957e-02
-3.817779198288917542e-02
-3.498192504048347473e-02
-3.220026940107345581e-02
-2.931943722069263458e-02
-2.655174769461154938e-02
-2.376138605177402496e-02
-2.117974683642387390e-02
-1.865056343376636505e-02
-1.634104549884796143e-02
-1.415000017732381821e-02
-8.551845327019691467e-03
-3.808062989264726639e-03
1.162792788818478584e-03
5.980107001960277557e-03
1.104707363992929459e-02
1.530282665044069290e-02
1.943984255194664001e-02
2.319699153304100037e-02
2.677748538553714752e-02
3.011389262974262238e-02
3.318696841597557068e-02
3.598194196820259094e-02
3.858269006013870239e-02
4.095594584941864014e-02
4.315216094255447388e-02
4.513973370194435120e-02
4.693664982914924622e-02
4.855921119451522827e-02
5.001969262957572937e-02
5.133382230997085571e-02
5.246683582663536072e-02
5.343550816178321838e-02
5.430210754275321960e-02
5.501097068190574646e-02
5.556312575936317444e-02
5.599226430058479309e-02
5.631574243307113647e-02
5.650933086872100830e-02
5.654282867908477783e-02
5.646049231290817261e-02
5.626761913299560547e-02
5.597415566444396973e-02
5.558259412646293640e-02
5.509291589260101318e-02
5.453421920537948608e-02
5.388640239834785461e-02
5.315898731350898743e-02
5.234020203351974487e-02
5.147888883948326111e-02
5.057812482118606567e-02
4.963568225502967834e-02
4.864964634180068970e-02
4.766156896948814392e-02
4.661374911665916443e-02
4.560953378677368164e-02
4.452990368008613586e-02
4.346565529704093933e-02
4.236731305718421936e-02
4.130411148071289062e-02
4.024313017725944519e-02
3.915410116314888000e-02
3.807523101568222046e-02
3.703255578875541687e-02
3.603897616267204285e-02
3.499950096011161804e-02
3.393808007240295410e-02
3.288807347416877747e-02
3.189038857817649841e-02
3.091380745172500610e-02
2.992513217031955719e-02
2.895632945001125336e-02
2.803525514900684357e-02
2.711363695561885834e-02
2.621668577194213867e-02
2.533368021249771118e-02
2.449121885001659393e-02
2.368760295212268829e-02
2.284501865506172180e-02
2.205480448901653290e-02
2.130308002233505249e-02
2.056759223341941833e-02
1.979250274598598480e-02
1.928830519318580627e-02
1.847274042665958405e-02
1.830119080841541290e-02
1.745721139013767242e-02
1.700432039797306061e-02
1.648336090147495270e-02
1.619346998631954193e-02
1.555285695940256119e-02
1.525447517633438110e-02
1.475063525140285492e-02
1.447461545467376709e-02
1.409283187240362167e-02
1.385082490742206573e-02
1.357385795563459396e-02
1.335239596664905548e-02
1.314744260162115097e-02
1.296130288392305374e-02
1.280697435140609741e-02
1.267665904015302658e-02
1.257429178804159164e-02
1.247972436249256134e-02
1.241218671202659607e-02
1.235746964812278748e-02
1.235254481434822083e-02
1.235254481434822083e-02
1.235254481434822083e-02
1.235254481434822083e-02
1.235254481434822083e-02
1.235254481434822083e-02
1.235254481434822083e-02
1.235254481434822083e-02
1.235254481434822083e-02
1.235254481434822083e-02
1.235254481434822083e-02
1.235254481434822083e-02
1.235254481434822083e-02
1.235254481434822083e-02
1.235254481434822083e-02
1.235254481434822083e-02
1.235254481434822083e-02
1.235254481434822083e-02
1.235254481434822083e-02
1.235254481434822083e-02
1.235254481434822083e-02
1.235254481434822083e-02
1.235254481434822083e-02
1.235254481434822083e-02
1.235254481434822083e-02
1.235254481434822083e-02
1.235254481434822083e-02
1.235254481434822083e-02
1.235254481434822083e-02
1.235254481434822083e-02
1.235254481434822083e-02
1.235254481434822083e-02
1.235254481434822083e-02
1.235254481434822083e-02
1.235254481434822083e-02
1.235254481434822083e-02
1.235254481434822083e-02
1.235254481434822083e-02
1.235254481434822083e-02
1.235254481434822083e-02
1.235254481434822083e-02
1.235254481434822083e-02
1.235254481434822083e-02
1.235254481434822083e-02
1.235254481434822083e-02
