1.696000134829657000e+15
1.696000134937044000e+15
1.696000135098548000e+15
1.696000135220940000e+15
1.696000135382562000e+15
1.696000135566566000e+15
1.696000135714352000e+15
1.696000135861466000e+15
1.696000135991569000e+15
1.696000136153891000e+15
1.696000136304299000e+15
1.696000136437790000e+15
1.696000136559017000e+15
1.696000136724235000e+15
1.696000136886704000e+15
1.696000137041104000e+15
1.696000137188420000e+15
1.696000137332207000e+15
1.696000137454619000e+15
1.696000137616239000e+15
1.696000137789431000e+15
1.696000137897571000e+15
1.696000138059712000e+15
1.696000138221537000e+15
1.696000138343708000e+15
1.696000138526580000e+15
1.696000138674485000e+15
1.696000138791670000e+15
1.696000138954438000e+15
1.696000139076994000e+15
1.696000139263621000e+15
1.696000139411300000e+15
1.696000139558526000e+15
1.696000139685472000e+15
1.696000139847267000e+15
1.696000139999958000e+15
1.696000140148277000e+15
1.696000140252537000e+15
1.696000140414203000e+15
1.696000140576489000e+15
1.696000140737693000e+15
1.696000140859497000e+15
1.696000141022350000e+15
1.696000141144639000e+15
1.696000141327102000e+15
1.696000141473879000e+15
1.696000141621877000e+15
1.696000141754577000e+15
1.696000141916263000e+15
1.696000142038673000e+15
1.696000142198614000e+15
1.696000142346157000e+15
1.696000142484197000e+15
1.696000142606466000e+15
1.696000142768450000e+15
1.696000142936315000e+15
1.696000143051321000e+15
1.696000143213740000e+15
1.696000143335769000e+15
1.696000143497409000e+15
1.696000143660474000e+15
1.696000143808381000e+15
1.696000143944303000e+15
1.696000144065540000e+15
1.696000144227820000e+15
1.696000144397807000e+15
1.696000144545001000e+15
1.696000144672954000e+15
1.696000144794761000e+15
1.696000144956391000e+15
1.696000145122597000e+15
1.696000145239703000e+15
1.696000145402251000e+15
1.696000145563976000e+15
1.696000145683881000e+15
1.696000145859345000e+15
1.696000145967854000e+15
1.696000146129444000e+15
1.696000146292091000e+15
1.696000146413199000e+15
1.696000146596236000e+15
1.696000146744235000e+15
1.696000146890544000e+15
1.696000147022186000e+15
1.696000147144166000e+15
1.696000147333045000e+15
1.696000147479810000e+15
1.696000147589773000e+15
1.696000147751778000e+15
1.696000147913580000e+15
1.696000148069555000e+15
1.696000148216861000e+15
1.696000148360758000e+15
1.696000148482699000e+15
1.696000148644450000e+15
1.696000148806952000e+15
1.696000148954740000e+15
1.696000149083212000e+15
1.696000149205526000e+15
1.696000149367271000e+15
1.696000149543923000e+15
1.696000149691670000e+15
1.696000149818544000e+15
1.696000149939786000e+15
1.696000150102463000e+15
1.696000150280882000e+15
1.696000150426570000e+15
1.696000150548368000e+15
1.696000150713340000e+15
1.696000150835711000e+15
1.696000151018101000e+15
1.696000151160167000e+15
1.696000151281312000e+15
1.696000151444062000e+15
1.696000151565327000e+15
1.696000151754781000e+15
1.696000151902398000e+15
1.696000152049147000e+15
1.696000152174147000e+15
1.696000152335691000e+15
1.696000152491704000e+15
1.696000152638396000e+15
1.696000152774214000e+15
1.696000152903487000e+15
1.696000153025818000e+15
1.696000153216063000e+15
1.696000153362883000e+15
1.696000153510852000e+15
1.696000153633753000e+15
1.696000153797113000e+15
1.696000153952881000e+15
1.696000154079971000e+15
1.696000154242415000e+15
1.696000154363541000e+15
1.696000154485378000e+15
1.696000154677196000e+15
1.696000154825457000e+15
1.696000154930280000e+15
1.696000155093004000e+15
1.696000155254671000e+15
1.696000155415017000e+15
1.696000155562473000e+15
1.696000155704194000e+15
1.696000155825507000e+15
1.696000155988099000e+15
1.696000156151061000e+15
1.696000156299170000e+15
1.696000156446582000e+15
1.696000156555432000e+15
1.696000156717100000e+15
1.696000156887706000e+15
1.696000157036040000e+15
1.696000157163118000e+15
1.696000157324762000e+15
1.696000157446762000e+15
1.696000157625757000e+15
1.696000157770827000e+15
1.696000157892086000e+15
1.696000158054271000e+15
1.696000158176489000e+15
1.696000158361765000e+15
1.696000158509310000e+15
1.696000158657105000e+15
1.696000158783725000e+15
1.696000158945413000e+15
1.696000159099674000e+15
1.696000159246706000e+15
1.696000159351368000e+15
1.696000159513194000e+15
1.696000159673239000e+15
1.696000159836253000e+15
1.696000159983455000e+15
1.696000160119290000e+15
1.696000160240380000e+15
1.696000160403087000e+15
1.696000160573257000e+15
1.696000160689979000e+15
1.696000160851495000e+15
1.696000160973942000e+15
1.696000161135583000e+15
1.696000161309670000e+15
1.696000161457676000e+15
1.696000161604754000e+15
1.696000161702298000e+15
1.696000161864537000e+15
1.696000162047262000e+15
1.696000162194400000e+15
1.696000162341121000e+15
1.696000162472746000e+15
1.696000162595095000e+15
1.696000162784052000e+15
1.696000162914660000e+15
1.696000163035797000e+15
1.696000163198488000e+15
1.696000163360194000e+15
1.696000163520776000e+15
1.696000163655909000e+15
1.696000163803646000e+15
1.696000163934577000e+15
1.696000164055745000e+15
1.696000164245106000e+15
1.696000164392879000e+15
1.696000164539858000e+15
1.696000164664165000e+15
1.696000164786703000e+15
1.696000164982230000e+15
1.696000165111149000e+15
1.696000165233291000e+15
1.696000165394972000e+15
1.696000165557027000e+15
1.696000165706882000e+15
1.696000165839279000e+15
1.696000165960540000e+15
1.696000166122748000e+15
1.696000166284412000e+15
1.696000166443458000e+15
1.696000166568318000e+15
1.696000166692181000e+15
1.696000166853911000e+15
1.696000167016632000e+15
1.696000167168853000e+15
1.696000167316114000e+15
1.696000167463127000e+15
1.696000167584361000e+15
1.696000167705099000e+15
1.696000167892835000e+15
1.696000168040033000e+15
1.696000168151396000e+15
1.696000168313048000e+15
1.696000168435011000e+15
1.696000168630404000e+15
1.696000168759770000e+15
1.696000168922155000e+15
1.696000169043417000e+15
1.696000169165635000e+15
1.696000169354685000e+15
1.696000169502177000e+15
1.696000169612307000e+15
1.696000169773471000e+15
1.696000169935966000e+15
1.696000170091304000e+15
1.696000170226777000e+15
1.696000170374045000e+15
1.696000170503274000e+15
1.696000170664905000e+15
1.696000170828545000e+15
1.696000170949030000e+15
1.696000171111764000e+15
1.696000171233074000e+15
1.696000171395657000e+15
1.696000171564926000e+15
1.696000171712538000e+15
1.696000171830776000e+15
1.696000171992342000e+15
1.696000172114688000e+15
1.696000172301812000e+15
1.696000172449011000e+15
1.696000172560394000e+15
1.696000172731376000e+15
1.696000172852663000e+15
1.696000173039526000e+15
1.696000173186513000e+15
1.696000173299332000e+15
1.696000173462105000e+15
1.696000173623663000e+15
1.696000173776053000e+15
1.696000173923738000e+15
1.696000174071446000e+15
1.696000174192695000e+15
1.696000174354915000e+15
1.696000174513103000e+15
1.696000174638045000e+15
1.696000174756454000e+15
1.696000174918964000e+15
1.696000175080581000e+15
1.696000175238142000e+15
1.696000175397520000e+15
1.696000175527063000e+15
1.696000175648172000e+15
1.696000175813064000e+15
1.696000175987165000e+15
1.696000176122138000e+15
1.696000176259788000e+15
1.696000176381156000e+15
1.696000176543850000e+15
1.696000176711951000e+15
1.696000176827880000e+15
1.696000176989522000e+15
1.696000177111927000e+15
1.696000177273413000e+15
1.696000177448438000e+15
1.696000177595363000e+15
1.696000177716140000e+15
1.696000177837303000e+15
1.696000178000226000e+15
1.696000178185702000e+15
1.696000178333167000e+15
1.696000178480042000e+15
1.696000178608770000e+15
1.696000178735285000e+15
1.696000178921702000e+15
1.696000179059786000e+15
1.696000179181029000e+15
1.696000179343681000e+15
1.696000179465989000e+15
1.696000179659520000e+15
1.696000179806506000e+15
1.696000179950136000e+15
1.696000180072463000e+15
1.696000180234102000e+15
1.696000180395692000e+15
1.696000180517936000e+15
1.696000180679550000e+15
1.696000180800819000e+15
1.696000180963023000e+15
1.696000181132958000e+15
1.696000181280298000e+15
1.696000181408673000e+15
1.696000181530305000e+15
1.696000181692026000e+15
1.696000181870158000e+15
1.696000182016933000e+15
1.696000182164285000e+15
1.696000182299230000e+15
1.696000182420467000e+15
1.696000182606819000e+15
1.696000182753923000e+15
1.696000182901576000e+15
1.696000183048847000e+15
1.696000183150400000e+15
1.696000183331227000e+15
1.696000183478971000e+15
1.696000183626210000e+15
1.696000183721148000e+15
1.696000183882806000e+15
1.696000184068923000e+15
1.696000184207160000e+15
1.696000184329530000e+15
1.696000184492304000e+15
1.696000184653892000e+15
1.696000184805605000e+15
1.696000184934255000e+15
1.696000185056093000e+15
1.696000185217581000e+15
1.696000185380003000e+15
1.696000185542336000e+15
1.696000185689522000e+15
1.696000185827306000e+15
1.696000185949660000e+15
1.696000186111322000e+15
1.696000186279402000e+15
1.696000186426708000e+15
1.696000186558072000e+15
1.696000186679440000e+15
1.696000186843137000e+15
1.696000187003524000e+15
1.696000187150783000e+15
1.696000187290372000e+15
1.696000187411586000e+15
1.696000187574364000e+15
1.696000187740829000e+15
1.696000187887710000e+15
1.696000188015886000e+15
1.696000188137946000e+15
1.696000188300495000e+15
1.696000188477609000e+15
1.696000188625596000e+15
1.696000188748089000e+15
1.696000188910236000e+15
1.696000189031361000e+15
1.696000189214969000e+15
1.696000189363275000e+15
1.696000189478153000e+15
1.696000189639857000e+15
1.696000189761446000e+15
1.696000189939197000e+15
1.696000190085958000e+15
1.696000190207482000e+15
1.696000190370064000e+15
1.696000190492909000e+15
1.696000190675873000e+15
1.696000190823972000e+15
1.696000190938512000e+15
1.696000191101210000e+15
1.696000191222513000e+15
1.696000191412904000e+15
1.696000191548253000e+15
1.696000191695118000e+15
1.696000191820849000e+15
1.696000191943291000e+15
1.696000192137507000e+15
1.696000192267617000e+15
1.696000192389880000e+15
1.696000192551489000e+15
1.696000192722404000e+15
1.696000192874507000e+15
1.696000193022214000e+15
1.696000193168127000e+15
1.696000193290317000e+15
1.696000193451948000e+15
1.696000193598865000e+15
1.696000193736747000e+15
1.696000193858948000e+15
1.696000194020577000e+15
1.696000194142609000e+15
1.696000194335759000e+15
1.696000194483783000e+15
1.696000194588225000e+15
1.696000194742399000e+15
1.696000194905137000e+15
1.696000195072812000e+15
1.696000195220799000e+15
1.696000195350827000e+15
1.696000195473182000e+15
1.696000195634965000e+15
1.696000195810137000e+15
1.696000195957028000e+15
1.696000196104341000e+15
1.696000196252745000e+15
1.696000196371548000e+15
1.696000196547537000e+15
1.696000196655003000e+15
1.696000196816723000e+15
1.696000196938805000e+15
1.696000197100451000e+15
1.696000197271001000e+15
1.696000197384254000e+15
1.696000197546521000e+15
1.696000197709723000e+15
1.696000197831082000e+15
1.696000198008839000e+15
1.696000198115279000e+15
1.696000198277799000e+15
1.696000198439531000e+15
1.696000198561640000e+15
1.696000198745524000e+15
1.696000198880618000e+15
1.696000199027605000e+15
1.696000199175742000e+15
1.696000199290948000e+15
1.696000199470622000e+15
1.696000199617424000e+15
1.696000199765035000e+15
1.696000199912207000e+15
1.696000200047825000e+15
1.696000200195080000e+15
1.696000200342169000e+15
1.696000200489048000e+15
1.696000200630686000e+15
1.696000200748276000e+15
1.696000200931714000e+15
1.696000201078724000e+15
1.696000201193109000e+15
1.696000201355502000e+15
1.696000201477695000e+15
1.696000201668394000e+15
1.696000201815657000e+15
1.696000201925726000e+15
1.696000202088505000e+15
1.696000202250033000e+15
1.696000202404874000e+15
1.696000202553293000e+15
1.696000202655708000e+15
1.696000202819662000e+15
1.696000202982470000e+15
1.696000203142137000e+15
1.696000203266282000e+15
1.696000203429075000e+15
1.696000203550368000e+15
1.696000203712059000e+15
1.696000203867642000e+15
1.696000204014697000e+15
1.696000204156835000e+15
1.696000204277966000e+15
1.696000204440446000e+15
1.696000204603656000e+15
1.696000204722272000e+15
1.696000204884637000e+15
1.696000205006616000e+15
1.696000205169274000e+15
1.696000205328086000e+15
1.696000205476645000e+15
1.696000205615898000e+15
1.696000205739022000e+15
1.696000205901681000e+15
1.696000206065460000e+15
1.696000206212679000e+15
1.696000206306308000e+15
1.696000206469038000e+15
1.696000206630685000e+15
1.696000206790472000e+15
1.696000206937701000e+15
1.696000207097638000e+15
1.696000207236053000e+15
1.696000207357414000e+15
1.696000207527287000e+15
1.696000207674836000e+15
1.696000207821498000e+15
1.696000207969786000e+15
1.696000208104784000e+15
1.696000208252311000e+15
1.696000208399052000e+15
1.696000208546140000e+15
1.696000208659317000e+15
1.696000208820240000e+15
1.696000208988879000e+15
1.696000209105298000e+15
1.696000209266942000e+15
1.696000209388178000e+15
1.696000209550320000e+15
1.696000209725472000e+15
1.696000209834273000e+15
1.696000209996967000e+15
1.696000210118097000e+15
1.696000210280869000e+15
1.696000210450088000e+15
1.696000210564349000e+15
1.696000210724992000e+15
1.696000210847225000e+15
1.696000211008850000e+15
1.696000211186918000e+15
1.696000211322213000e+15
1.696000211455576000e+15
1.696000211576710000e+15
1.696000211736097000e+15
1.696000211911903000e+15
1.696000212058977000e+15
1.696000212181617000e+15
1.696000212303994000e+15
1.696000212466516000e+15
1.696000212648731000e+15
1.696000212793472000e+15
