nan
-4.888004041276872158e-04
3.610103449318557978e-04
-7.004863000474870205e-04
-3.321491822134703398e-04
-1.474625081755220890e-03
-8.531401981599628925e-04
-4.696901014540344477e-04
-9.026484913192689419e-04
-4.714199167210608721e-04
5.440512322820723057e-04
-8.318283362314105034e-04
9.981027105823159218e-04
-1.398739637807011604e-03
2.727061510086059570e-04
2.461214717186521739e-05
-2.490703249350190163e-03
1.164034241810441017e-03
-4.650895425584167242e-04
6.956311408430337906e-04
5.819803918711841106e-04
3.655737673398107290e-04
-1.186558976769447327e-03
9.566217660903930664e-03
6.919840234331786633e-05
-2.343141706660389900e-03
-1.140299066901206970e-02
-1.942220143973827362e-02
-3.116094321012496948e-02
-3.596635162830352783e-02
-4.474250227212905884e-02
-3.851696848869323730e-02
-3.876950591802597046e-02
-3.910592943429946899e-02
-3.840624168515205383e-02
-3.577026352286338806e-02
-4.363359510898590088e-02
-5.512671172618865967e-02
-7.226479798555374146e-02
-9.842357039451599121e-02
-1.199214905500411987e-01
-1.337092965841293335e-01
-1.549526154994964600e-01
-1.671718209981918335e-01
-1.913133710622787476e-01
-2.094263136386871338e-01
-2.324606478214263916e-01
-2.470282614231109619e-01
-2.641659080982208252e-01
-2.790082991123199463e-01
-2.959787845611572266e-01
-3.171936273574829102e-01
-3.291318714618682861e-01
-3.418349623680114746e-01
-3.419903516769409180e-01
-3.402719199657440186e-01
-3.419569134712219238e-01
-3.417100906372070312e-01
-3.415927588939666748e-01
-3.408718407154083252e-01
-3.406634628772735596e-01
-3.407297134399414062e-01
-3.455211222171783447e-01
-3.432737290859222412e-01
-3.425672650337219238e-01
-3.428076803684234619e-01
-3.425672352313995361e-01
-3.430323302745819092e-01
-3.402035534381866455e-01
-3.398858010768890381e-01
-3.078269362449645996e-01
-1.819252520799636841e-01
-5.402746424078941345e-02
1.175126880407333374e-01
1.972304731607437134e-01
1.947485655546188354e-01
1.965334862470626831e-01
1.979293972253799438e-01
1.942610293626785278e-01
1.955309510231018066e-01
1.936459243297576904e-01
1.943402737379074097e-01
1.941888779401779175e-01
1.943794786930084229e-01
1.951583921909332275e-01
1.966456770896911621e-01
1.857676953077316284e-01
1.758891195058822632e-01
1.667945533990859985e-01
1.507301479578018188e-01
1.423315852880477905e-01
1.278671324253082275e-01
1.209603399038314819e-01
1.146204322576522827e-01
1.023156195878982544e-01
8.496420830488204956e-02
7.477004826068878174e-02
5.964886769652366638e-02
5.162050947546958923e-02
3.342078626155853271e-02
1.334561500698328018e-02
-2.351581119000911713e-03
-8.115629665553569794e-03
-2.524792589247226715e-02
-4.225326701998710632e-02
-6.155103072524070740e-02
-7.324470579624176025e-02
-8.284664154052734375e-02
-1.014083698391914368e-01
-1.084159985184669495e-01
-1.172884479165077209e-01
-1.339299678802490234e-01
-1.408944725990295410e-01
-1.536223888397216797e-01
-1.691466718912124634e-01
-2.001840919256210327e-01
-2.169351577758789062e-01
-2.357060611248016357e-01
-2.501210868358612061e-01
-2.651345729827880859e-01
-2.855865955352783203e-01
-3.057869672775268555e-01
-3.146854937076568604e-01
-3.296796679496765137e-01
-3.456101715564727783e-01
-3.718712329864501953e-01
-3.912916779518127441e-01
-4.138414263725280762e-01
-4.316046237945556641e-01
-4.512520432472229004e-01
-4.652698338031768799e-01
-4.791091084480285645e-01
-4.945708811283111572e-01
-5.101233124732971191e-01
-5.165102481842041016e-01
-5.407494306564331055e-01
-5.541643500328063965e-01
-5.217885971069335938e-01
-5.388046503067016602e-01
-5.559255480766296387e-01
-5.712231397628784180e-01
-5.843559503555297852e-01
-6.003253459930419922e-01
-6.078126430511474609e-01
-6.269355416297912598e-01
-6.360219120979309082e-01
-6.352374553680419922e-01
-6.347997784614562988e-01
-6.367735266685485840e-01
-6.347203850746154785e-01
-6.390467882156372070e-01
-6.211210489273071289e-01
-6.075818538665771484e-01
-6.086395382881164551e-01
-6.196526885032653809e-01
-6.233770251274108887e-01
-6.215931773185729980e-01
-6.148269772529602051e-01
-6.174789071083068848e-01
-6.075304746627807617e-01
-6.268390417098999023e-01
-6.054950952529907227e-01
-6.148774623870849609e-01
-6.197364330291748047e-01
-7.639224529266357422e-01
-8.517536520957946777e-01
-1.025467276573181152e+00
-1.069676995277404785e+00
-1.318700432777404785e+00
-1.379554271697998047e+00
-1.485182285308837891e+00
-1.483249306678771973e+00
-1.650302410125732422e+00
-1.645391821861267090e+00
-1.653508305549621582e+00
-1.654792785644531250e+00
-1.649136781692504883e+00
-1.651433110237121582e+00
-1.650724768638610840e+00
-1.645353555679321289e+00
-1.641828775405883789e+00
-1.650435805320739746e+00
-1.646833777427673340e+00
-1.644462227821350098e+00
-1.650542497634887695e+00
-1.650767087936401367e+00
-1.643583178520202637e+00
-1.648610711097717285e+00
-1.647060990333557129e+00
-1.643261313438415527e+00
-1.648595571517944336e+00
-1.637291431427001953e+00
-1.648942470550537109e+00
-1.651305437088012695e+00
-1.656681418418884277e+00
-1.670366764068603516e+00
-1.685487627983093262e+00
-1.698769330978393555e+00
-1.706687092781066895e+00
-1.715796589851379395e+00
-1.724161386489868164e+00
-1.735173940658569336e+00
-1.744993329048156738e+00
-1.747879385948181152e+00
-1.754770517349243164e+00
-1.765991091728210449e+00
-1.772370576858520508e+00
-1.779812097549438477e+00
-1.794812202453613281e+00
-1.809701919555664062e+00
-1.818358898162841797e+00
-1.827421665191650391e+00
-1.841883182525634766e+00
-1.849864959716796875e+00
-1.865940213203430176e+00
-1.876864194869995117e+00
-1.881389379501342773e+00
-1.888664126396179199e+00
-1.899886846542358398e+00
-1.892866134643554688e+00
-1.894524097442626953e+00
-1.894299626350402832e+00
-1.886324524879455566e+00
-1.897916197776794434e+00
-1.891271471977233887e+00
-1.893853902816772461e+00
-1.894042253494262695e+00
-1.894708752632141113e+00
-1.895242094993591309e+00
-2.005897521972656250e+00
-2.246953725814819336e+00
-2.382881879806518555e+00
-2.478314161300659180e+00
-2.459135055541992188e+00
-2.466841459274291992e+00
-2.434107065200805664e+00
-2.435593843460083008e+00
-2.450900554656982422e+00
-2.454937934875488281e+00
-2.435753583908081055e+00
-2.449672460556030273e+00
-2.453930854797363281e+00
-2.447636365890502930e+00
-2.442989110946655273e+00
-1.904172301292419434e+00
-1.911795496940612793e+00
-2.256661415100097656e+00
-2.361428022384643555e+00
-2.385294198989868164e+00
-2.390374660491943359e+00
-2.212025403976440430e+00
-2.001960515975952148e+00
-1.987809658050537109e+00
-2.136152267456054688e+00
-2.225725412368774414e+00
-2.195967912673950195e+00
-2.182803869247436523e+00
-2.167384147644042969e+00
-2.143040418624877930e+00
-2.138755083084106445e+00
-2.106980562210083008e+00
-2.076914548873901367e+00
-2.050287485122680664e+00
-2.005229234695434570e+00
-1.986992120742797852e+00
-1.994831562042236328e+00
-2.000356197357177734e+00
-2.007379770278930664e+00
-2.011198043823242188e+00
-1.994743108749389648e+00
-1.996743798255920410e+00
-1.998905658721923828e+00
-2.018569707870483398e+00
-1.995304465293884277e+00
-1.999309182167053223e+00
-2.004893302917480469e+00
-1.997672915458679199e+00
-2.015823125839233398e+00
-2.026317358016967773e+00
-2.016702175140380859e+00
-2.020830154418945312e+00
-2.037014007568359375e+00
-2.029540538787841797e+00
-2.016129732131958008e+00
-2.017364978790283203e+00
-2.019226074218750000e+00
-2.013406515121459961e+00
-2.017081022262573242e+00
-2.017288208007812500e+00
-2.015686273574829102e+00
-2.015050649642944336e+00
-2.017961502075195312e+00
-2.015480995178222656e+00
-2.016597747802734375e+00
-2.016538143157958984e+00
-2.015329122543334961e+00
-2.015296697616577148e+00
-2.193699836730957031e+00
-2.237387657165527344e+00
-2.456627845764160156e+00
-2.797362565994262695e+00
-2.844971179962158203e+00
-2.976309776306152344e+00
-2.970630168914794922e+00
-2.977204322814941406e+00
-2.974972248077392578e+00
-2.970970630645751953e+00
-2.977964639663696289e+00
-2.972701311111450195e+00
-2.976250648498535156e+00
-2.980789899826049805e+00
-2.976914882659912109e+00
-2.979212999343872070e+00
-2.979777574539184570e+00
-2.973491191864013672e+00
-2.974053382873535156e+00
-2.977071762084960938e+00
-2.980473518371582031e+00
-2.973981857299804688e+00
-2.978510141372680664e+00
-2.973796367645263672e+00
-2.972067832946777344e+00
-2.974097967147827148e+00
-2.977515459060668945e+00
-2.987123727798461914e+00
-3.009404420852661133e+00
-3.023680686950683594e+00
-3.043086767196655273e+00
-3.060669898986816406e+00
-3.067697763442993164e+00
-3.079304933547973633e+00
-3.091683387756347656e+00
-3.105940103530883789e+00
-3.117531776428222656e+00
-3.128252983093261719e+00
-3.140819072723388672e+00
3.118693590164184570e+00
3.110689878463745117e+00
3.111465692520141602e+00
3.113188266754150391e+00
3.110399723052978516e+00
3.107971668243408203e+00
3.111059427261352539e+00
3.109644651412963867e+00
3.110341548919677734e+00
3.108530282974243164e+00
3.109156608581542969e+00
3.137359142303466797e+00
-3.022744655609130859e+00
-2.826857328414916992e+00
-2.729544878005981445e+00
-2.573632717132568359e+00
-2.435009956359863281e+00
-2.306596279144287109e+00
-2.148955345153808594e+00
-1.975234150886535645e+00
-1.831267833709716797e+00
-1.958465695381164551e+00
-1.848025202751159668e+00
-1.712211370468139648e+00
-1.712081074714660645e+00
-1.710267305374145508e+00
-1.710561871528625488e+00
-1.713035583496093750e+00
-1.711508989334106445e+00
-1.708715796470642090e+00
-1.712740659713745117e+00
-1.712903499603271484e+00
-1.711450815200805664e+00
-1.712077379226684570e+00
-1.712495565414428711e+00
-1.720630168914794922e+00
-1.726171016693115234e+00
-1.740635991096496582e+00
-1.757188081741333008e+00
-1.778772115707397461e+00
-1.803045034408569336e+00
-1.818530559539794922e+00
-1.835538148880004883e+00
-1.850869059562683105e+00
-1.866788625717163086e+00
-1.870855212211608887e+00
-1.877635002136230469e+00
-1.897350668907165527e+00
-1.911802291870117188e+00
-1.932002425193786621e+00
-1.950028300285339355e+00
-1.978254079818725586e+00
-1.991935253143310547e+00
-1.994124054908752441e+00
-2.007500886917114258e+00
-2.009877204895019531e+00
-2.009555816650390625e+00
-2.006738901138305664e+00
-2.008291006088256836e+00
-2.003488779067993164e+00
-2.005405902862548828e+00
-2.006391763687133789e+00
-2.004022359848022461e+00
-2.004774570465087891e+00
-2.008745431900024414e+00
-2.008784294128417969e+00
-2.009931802749633789e+00
-2.008698701858520508e+00
-2.007909774780273438e+00
-2.006649255752563477e+00
-2.008948326110839844e+00
-2.010427951812744141e+00
-2.008648872375488281e+00
-2.008150577545166016e+00
-2.134574174880981445e+00
-2.302506208419799805e+00
-2.319222211837768555e+00
-2.455822467803955078e+00
-2.625109910964965820e+00
-2.796840429306030273e+00
-2.958392381668090820e+00
-2.958225011825561523e+00
-2.961122512817382812e+00
-2.959062337875366211e+00
-2.963128805160522461e+00
-2.960970878601074219e+00
-2.957979917526245117e+00
-2.957301855087280273e+00
-2.957208156585693359e+00
-2.956951141357421875e+00
-2.956220865249633789e+00
-2.957967519760131836e+00
-2.962217330932617188e+00
-2.969692468643188477e+00
-2.985381603240966797e+00
-2.997500658035278320e+00
-3.009144783020019531e+00
-3.020907163619995117e+00
-3.032055377960205078e+00
-3.044253587722778320e+00
-3.055317401885986328e+00
-3.067966222763061523e+00
-3.080504655838012695e+00
-3.080188512802124023e+00
-3.096373081207275391e+00
-3.109730958938598633e+00
-3.125332593917846680e+00
-3.141172885894775391e+00
3.125657558441162109e+00
3.104581356048583984e+00
3.086847543716430664e+00
3.070163011550903320e+00
3.060204505920410156e+00
3.052388191223144531e+00
3.034098625183105469e+00
3.010115146636962891e+00
3.001544237136840820e+00
2.986610174179077148e+00
2.969041585922241211e+00
2.941835880279541016e+00
2.915790081024169922e+00
2.901215791702270508e+00
2.883705615997314453e+00
2.860681295394897461e+00
2.840243339538574219e+00
2.827126979827880859e+00
2.815966367721557617e+00
2.795790672302246094e+00
2.779827594757080078e+00
2.759461641311645508e+00
2.741405725479125977e+00
2.719607591629028320e+00
2.703555345535278320e+00
2.692929983139038086e+00
2.678188085556030273e+00
2.663559198379516602e+00
2.649553775787353516e+00
2.641525030136108398e+00
2.622317314147949219e+00
2.604964494705200195e+00
2.583573579788208008e+00
2.561140775680541992e+00
2.546245336532592773e+00
2.523406267166137695e+00
2.508303165435791016e+00
2.489492654800415039e+00
2.487183332443237305e+00
2.486370325088500977e+00
2.489457130432128906e+00
2.486867904663085938e+00
2.487705945968627930e+00
2.491119861602783203e+00
2.490276575088500977e+00
2.485790014266967773e+00
2.494903802871704102e+00
2.337975978851318359e+00
2.145600318908691406e+00
1.983212947845458984e+00
1.839891314506530762e+00
1.638606905937194824e+00
1.635983347892761230e+00
1.640954256057739258e+00
1.635378956794738770e+00
1.637736320495605469e+00
1.636457800865173340e+00
1.638957142829895020e+00
1.934168577194213867e+00
1.720452070236206055e+00
1.717900872230529785e+00
1.720789909362792969e+00
1.789299726486206055e+00
1.783815741539001465e+00
1.790230870246887207e+00
1.788598895072937012e+00
1.787524342536926270e+00
1.789034008979797363e+00
1.788536667823791504e+00
1.788905262947082520e+00
1.702578425407409668e+00
1.705706715583801270e+00
1.703446626663208008e+00
1.704081773757934570e+00
1.705797553062438965e+00
1.705631852149963379e+00
1.706717610359191895e+00
1.703044056892395020e+00
1.707824945449829102e+00
1.709106683731079102e+00
1.709997892379760742e+00
1.708453059196472168e+00
1.706309914588928223e+00
1.707070112228393555e+00
1.708283662796020508e+00
1.707028627395629883e+00
1.706666827201843262e+00
1.709522128105163574e+00
