nan
8.465957762382458895e-06
5.269826601761451457e-07
-5.336994846061315911e-09
-6.977384382073070768e-12
2.042471443711169066e-12
2.501330136669543264e-14
-2.887504612245571887e-16
1.231272920843477941e-18
3.947797344709178203e-20
-2.707086131921653610e-22
4.198550414002966136e-06
5.594603862846270204e-06
4.624973371392115951e-05
-1.672219838155797333e-07
-3.752848032334554773e-10
3.301763029650572889e-11
2.788751285562503235e-14
3.325840774317883296e-15
1.133629191935753028e-16
1.877513461267242114e-18
2.821121415763627738e-05
-8.439287739747669548e-06
8.653096854686737061e-03
1.692184433341026306e-02
2.984987571835517883e-02
4.158892855048179626e-02
5.221389606595039368e-02
6.827394664287567139e-02
8.242128789424896240e-02
9.759230911731719971e-02
1.012321487069129944e-01
1.012340486049652100e-01
1.012340411543846130e-01
1.014766171574592590e-01
1.076368018984794617e-01
1.185400635004043579e-01
1.352777481079101562e-01
1.643444150686264038e-01
1.939118355512619019e-01
2.240458875894546509e-01
2.459708452224731445e-01
2.752199172973632812e-01
2.965798974037170410e-01
3.288736939430236816e-01
3.550434708595275879e-01
3.816475570201873779e-01
4.046282470226287842e-01
4.331151843070983887e-01
4.542378783226013184e-01
4.825517237186431885e-01
5.079517960548400879e-01
5.314972400665283203e-01
5.474426150321960449e-01
5.474475622177124023e-01
5.474475026130676270e-01
5.480527877807617188e-01
5.479270219802856445e-01
5.474474430084228516e-01
5.474473834037780762e-01
5.478968024253845215e-01
5.477298498153686523e-01
5.474961400032043457e-01
5.474476814270019531e-01
5.480372905731201172e-01
5.479447841644287109e-01
5.475233793258666992e-01
5.475483536720275879e-01
5.478522181510925293e-01
5.480145812034606934e-01
5.473606586456298828e-01
5.472916960716247559e-01
5.496369004249572754e-01
5.490561127662658691e-01
5.490105152130126953e-01
5.490104556083679199e-01
5.494344234466552734e-01
5.495440363883972168e-01
5.490097403526306152e-01
5.490103960037231445e-01
5.492521524429321289e-01
5.496913194656372070e-01
5.490103363990783691e-01
5.490106344223022461e-01
5.493405461311340332e-01
5.602171421051025391e-01
5.672256946563720703e-01
5.737181901931762695e-01
5.852388739585876465e-01
5.982214808464050293e-01
6.128506660461425781e-01
6.267963051795959473e-01
6.413492560386657715e-01
6.542848944664001465e-01
6.722974777221679688e-01
6.943433880805969238e-01
7.132317423820495605e-01
7.301294207572937012e-01
7.470364570617675781e-01
7.705007791519165039e-01
7.964371442794799805e-01
8.162167668342590332e-01
8.337846398353576660e-01
8.510646224021911621e-01
8.751015067100524902e-01
9.017061591148376465e-01
9.232339262962341309e-01
9.416218996047973633e-01
9.662397503852844238e-01
9.819027781486511230e-01
1.009425282478332520e+00
1.031003594398498535e+00
1.048312306404113770e+00
1.071110844612121582e+00
1.089228630065917969e+00
1.117605566978454590e+00
1.139534115791320801e+00
1.161214470863342285e+00
1.179266571998596191e+00
1.202690601348876953e+00
1.225607395172119141e+00
1.246576070785522461e+00
1.265863656997680664e+00
1.284114718437194824e+00
1.302068948745727539e+00
1.329127669334411621e+00
1.350100040435791016e+00
1.370939612388610840e+00
1.387929558753967285e+00
1.410061836242675781e+00
1.431461334228515625e+00
1.448804736137390137e+00
1.470739364624023438e+00
1.486425518989562988e+00
1.502426505088806152e+00
1.527740240097045898e+00
1.546635746955871582e+00
1.551171660423278809e+00
1.572219610214233398e+00
1.592976808547973633e+00
1.613629460334777832e+00
1.632339358329772949e+00
1.649324417114257812e+00
1.664818048477172852e+00
1.685481548309326172e+00
1.691975831985473633e+00
1.691973209381103516e+00
1.692027688026428223e+00
1.692790627479553223e+00
1.691998124122619629e+00
1.691973447799682617e+00
1.692078709602355957e+00
1.692261457443237305e+00
1.691973209381103516e+00
1.692023873329162598e+00
1.692133784294128418e+00
1.692478060722351074e+00
1.691974878311157227e+00
1.691973090171813965e+00
1.691973447799682617e+00
1.692673325538635254e+00
1.691973567008972168e+00
1.691973209381103516e+00
1.692112088203430176e+00
1.692054271697998047e+00
1.736672282218933105e+00
1.737029314041137695e+00
1.736772894859313965e+00
1.737034797668457031e+00
1.734841227531433105e+00
1.734914422035217285e+00
1.734914422035217285e+00
1.731388807296752930e+00
1.731391549110412598e+00
1.731454491615295410e+00
1.732129335403442383e+00
1.731693983078002930e+00
1.731391906738281250e+00
1.731511473655700684e+00
1.731960773468017578e+00
1.731744170188903809e+00
1.731391668319702148e+00
1.731509923934936523e+00
1.732024192810058594e+00
1.731697797775268555e+00
1.731391906738281250e+00
1.731696367263793945e+00
1.731888651847839355e+00
1.731556653976440430e+00
1.731391668319702148e+00
1.731670975685119629e+00
1.731777429580688477e+00
1.731637358665466309e+00
1.731414675712585449e+00
1.731048345565795898e+00
1.729832053184509277e+00
1.728339314460754395e+00
1.726400256156921387e+00
1.724325418472290039e+00
1.722415566444396973e+00
1.719212293624877930e+00
1.716470122337341309e+00
1.713545799255371094e+00
1.711105704307556152e+00
1.708554267883300781e+00
1.704344868659973145e+00
1.701370835304260254e+00
1.698489546775817871e+00
1.694474935531616211e+00
1.690255045890808105e+00
1.685945868492126465e+00
1.682320713996887207e+00
1.678651690483093262e+00
1.673367619514465332e+00
1.668046355247497559e+00
1.662613391876220703e+00
1.658134341239929199e+00
1.653948068618774414e+00
1.650794625282287598e+00
1.650795936584472656e+00
1.650904893875122070e+00
1.651618003845214844e+00
1.650826692581176758e+00
1.650843620300292969e+00
1.651093482971191406e+00
1.651517033576965332e+00
1.650823593139648438e+00
1.650891661643981934e+00
1.651101946830749512e+00
1.650643467903137207e+00
1.650480628013610840e+00
1.650517702102661133e+00
1.650432467460632324e+00
1.650463104248046875e+00
1.651372075080871582e+00
1.650456666946411133e+00
1.650431394577026367e+00
1.650680184364318848e+00
1.651082992553710938e+00
1.650525927543640137e+00
1.650479316711425781e+00
1.650791049003601074e+00
1.650917172431945801e+00
1.650731086730957031e+00
1.672880768775939941e+00
1.672905087471008301e+00
1.655765771865844727e+00
1.653774857521057129e+00
1.662489891052246094e+00
1.650607943534851074e+00
1.661565542221069336e+00
1.663760662078857422e+00
1.658371329307556152e+00
1.666177749633789062e+00
1.667274832725524902e+00
1.656724572181701660e+00
1.648632645606994629e+00
1.641996264457702637e+00
1.633920550346374512e+00
1.627174139022827148e+00
1.616802096366882324e+00
1.608944654464721680e+00
1.604135513305664062e+00
1.596351504325866699e+00
1.592484474182128906e+00
1.592483639717102051e+00
1.592562913894653320e+00
1.593347311019897461e+00
1.592504978179931641e+00
1.592483401298522949e+00
1.592698216438293457e+00
1.593131422996520996e+00
1.592509627342224121e+00
1.592557668685913086e+00
1.592766523361206055e+00
1.592952728271484375e+00
1.592505216598510742e+00
1.592233657836914062e+00
1.592234015464782715e+00
1.592852234840393066e+00
1.592662930488586426e+00
1.592233538627624512e+00
1.592284440994262695e+00
1.592618942260742188e+00
1.592712283134460449e+00
1.592233777046203613e+00
1.592336058616638184e+00
1.592675805091857910e+00
1.592660307884216309e+00
1.592233896255493164e+00
1.592419028282165527e+00
1.592783093452453613e+00
1.592405796051025391e+00
1.592233061790466309e+00
1.592404723167419434e+00
1.592650651931762695e+00
1.592577815055847168e+00
1.592486739158630371e+00
1.590963244438171387e+00
1.591144800186157227e+00
1.590686798095703125e+00
1.590358614921569824e+00
1.589078903198242188e+00
1.589075803756713867e+00
1.589172005653381348e+00
1.589957237243652344e+00
1.589153885841369629e+00
1.589076042175292969e+00
1.589352369308471680e+00
1.589700222015380859e+00
1.589153289794921875e+00
1.589155912399291992e+00
1.589478254318237305e+00
1.589655280113220215e+00
1.589157700538635254e+00
1.589149832725524902e+00
1.589478611946105957e+00
1.589503407478332520e+00
1.589151620864868164e+00
1.589240193367004395e+00
1.589381098747253418e+00
1.589404463768005371e+00
1.589196205139160156e+00
1.589378237724304199e+00
1.586124539375305176e+00
1.564382076263427734e+00
1.542590260505676270e+00
1.520273923873901367e+00
1.497778415679931641e+00
1.482250213623046875e+00
1.454621791839599609e+00
1.432037591934204102e+00
1.411175489425659180e+00
1.398581266403198242e+00
1.374658942222595215e+00
1.347166657447814941e+00
1.326036930084228516e+00
1.312248945236206055e+00
1.312247157096862793e+00
1.312272548675537109e+00
1.313029289245605469e+00
1.312396287918090820e+00
1.312246918678283691e+00
1.312421441078186035e+00
1.312971353530883789e+00
1.312298536300659180e+00
1.312353491783142090e+00
1.313246965408325195e+00
1.314030766487121582e+00
1.315993785858154297e+00
1.321523666381835938e+00
1.321227073669433594e+00
1.320284247398376465e+00
1.320165514945983887e+00
1.319283127784729004e+00
1.318791389465332031e+00
1.318184852600097656e+00
1.306654691696166992e+00
1.298289537429809570e+00
1.301050662994384766e+00
1.301053404808044434e+00
1.301102519035339355e+00
1.302005767822265625e+00
1.301103353500366211e+00
1.301053285598754883e+00
1.301148891448974609e+00
1.301901221275329590e+00
1.301099300384521484e+00
1.301053285598754883e+00
1.301380038261413574e+00
1.301565170288085938e+00
1.300434470176696777e+00
1.298341274261474609e+00
1.294098615646362305e+00
1.290435671806335449e+00
1.284471392631530762e+00
1.278960227966308594e+00
1.274017214775085449e+00
1.266944527626037598e+00
1.261337041854858398e+00
1.252048730850219727e+00
1.244567036628723145e+00
1.238638520240783691e+00
1.229785680770874023e+00
1.222870349884033203e+00
1.211443901062011719e+00
1.202895641326904297e+00
1.191851258277893066e+00
1.183342695236206055e+00
1.174955964088439941e+00
1.168095231056213379e+00
1.168095231056213379e+00
1.168232917785644531e+00
1.169018268585205078e+00
1.168217778205871582e+00
1.168095231056213379e+00
1.168417453765869141e+00
1.168685913085937500e+00
1.168222188949584961e+00
1.168275833129882812e+00
1.168538212776184082e+00
1.168549656867980957e+00
1.168191432952880859e+00
1.168273806571960449e+00
1.168567895889282227e+00
1.168267726898193359e+00
1.168175101280212402e+00
1.168343663215637207e+00
1.168429851531982422e+00
1.168351650238037109e+00
1.168103456497192383e+00
1.167796134948730469e+00
1.180383563041687012e+00
1.180635690689086914e+00
1.181719422340393066e+00
1.182895302772521973e+00
1.184217572212219238e+00
1.184216737747192383e+00
1.184364795684814453e+00
1.185121059417724609e+00
1.184215903282165527e+00
1.184216380119323730e+00
1.184570550918579102e+00
1.184992790222167969e+00
1.184216380119323730e+00
1.184395909309387207e+00
1.184675335884094238e+00
1.184588670730590820e+00
1.184336662292480469e+00
1.180143594741821289e+00
1.164690017700195312e+00
1.153671860694885254e+00
1.136687636375427246e+00
1.119303584098815918e+00
1.105617761611938477e+00
1.084340214729309082e+00
1.067779898643493652e+00
1.048536181449890137e+00
1.028485417366027832e+00
1.012012004852294922e+00
9.842552542686462402e-01
9.633201360702514648e-01
9.405947923660278320e-01
9.174801707267761230e-01
8.962742686271667480e-01
8.734848499298095703e-01
8.502207994461059570e-01
8.274631500244140625e-01
8.060147762298583984e-01
7.866347432136535645e-01
7.566252946853637695e-01
7.326299548149108887e-01
7.139644026756286621e-01
6.881819963455200195e-01
6.689695715904235840e-01
6.372954249382019043e-01
6.138216853141784668e-01
5.955708622932434082e-01
5.685240030288696289e-01
5.423468351364135742e-01
5.174900889396667480e-01
4.936588108539581299e-01
4.768610298633575439e-01
4.508007466793060303e-01
4.245442450046539307e-01
3.987958729267120361e-01
3.787780106067657471e-01
3.531399965286254883e-01
3.342036604881286621e-01
3.088011741638183594e-01
2.845882773399353027e-01
2.617251574993133545e-01
2.397363334894180298e-01
2.209457457065582275e-01
1.961959302425384521e-01
1.708689182996749878e-01
1.517891585826873779e-01
1.265381723642349243e-01
1.081396713852882385e-01
8.373061567544937134e-02
6.006771326065063477e-02
4.053084552288055420e-02
4.052440822124481201e-02
4.052465409040451050e-02
4.084364697337150574e-02
4.112182557582855225e-02
4.057307541370391846e-02
4.054974764585494995e-02
4.074310138821601868e-02
4.105160757899284363e-02
4.069607332348823547e-02
3.964128345251083374e-02
3.963199630379676819e-02
3.937257826328277588e-02
3.932384401559829712e-02
3.909660503268241882e-02
3.909679129719734192e-02
3.932340815663337708e-02
3.986741229891777039e-02
3.917104005813598633e-02
3.912128135561943054e-02
3.917415067553520203e-02
3.296493366360664368e-02
3.132716566324234009e-02
3.133010491728782654e-02
3.132998198270797729e-02
3.066229820251464844e-02
3.065934218466281891e-02
3.065931051969528198e-02
3.080815821886062622e-02
3.146355599164962769e-02
3.068076819181442261e-02
3.065927699208259583e-02
3.076114505529403687e-02
3.228962793946266174e-02
3.229185193777084351e-02
3.229189664125442505e-02
3.259085118770599365e-02
3.313638642430305481e-02
3.229256719350814819e-02
3.229193016886711121e-02
3.241415321826934814e-02
3.208353742957115173e-02
3.208407014608383179e-02
3.210918977856636047e-02
3.264285996556282043e-02
3.232408687472343445e-02
3.208357095718383789e-02
3.213787823915481567e-02
3.240993991494178772e-02
3.261677175760269165e-02
3.215672820806503296e-02
