nan
3.407771509955637157e-05
1.551652530906721950e-07
-6.498432902901640773e-10
1.875438519760574962e-11
-3.623402142563514339e-12
-1.023017933386716205e-14
-9.905894146439392454e-17
8.379469369120764603e-19
-6.874046181519687329e-21
-1.767388205864163238e-22
-1.848465217335615307e-05
2.886757101805415004e-05
2.395795127085875720e-05
-8.539876006352642435e-08
1.934778032230966005e-10
2.044589497707249848e-11
1.237127448958574502e-14
9.074763713374199570e-15
-2.490270247482742573e-16
7.890367295687933406e-19
-3.993953941971994936e-05
2.195696833950933069e-05
5.399118526838719845e-05
1.107829157263040543e-04
1.183423373731784523e-04
6.471917731687426567e-05
-1.050255887093953788e-04
-4.582020628731697798e-04
-9.449774515815079212e-04
-1.541643752716481686e-03
-1.701800501905381680e-03
-1.701901899650692940e-03
-1.701883273199200630e-03
-1.701889093965291977e-03
-1.948085497133433819e-03
-2.357945777475833893e-03
-3.157177940011024475e-03
-4.951146896928548813e-03
-7.398596033453941345e-03
-1.061335206031799316e-02
-1.333981659263372421e-02
-1.748451031744480133e-02
-2.091242559254169464e-02
-2.670299075543880463e-02
-3.196340054273605347e-02
-3.786358237266540527e-02
-4.341902211308479309e-02
-5.077565461397171021e-02
-5.659053474664688110e-02
-6.490094959735870361e-02
-7.289690524339675903e-02
-8.071575313806533813e-02
-8.622649312019348145e-02
-8.622816205024719238e-02
-8.622810244560241699e-02
-8.622809499502182007e-02
-8.622815459966659546e-02
-8.622755110263824463e-02
-8.622810244560241699e-02
-8.622821420431137085e-02
-8.623042702674865723e-02
-8.622585982084274292e-02
-8.622840046882629395e-02
-8.622810989618301392e-02
-8.622826635837554932e-02
-8.622893691062927246e-02
-8.622799068689346313e-02
-8.622824400663375854e-02
-8.622854202985763550e-02
-8.619505912065505981e-02
-8.616327494382858276e-02
-8.654079586267471313e-02
-8.655739575624465942e-02
-8.656191080808639526e-02
-8.656177669763565063e-02
-8.656187355518341064e-02
-8.656290918588638306e-02
-8.656137436628341675e-02
-8.656178414821624756e-02
-8.656170964241027832e-02
-8.656177669763565063e-02
-8.656359463930130005e-02
-8.656179159879684448e-02
-8.656179159879684448e-02
-8.436115831136703491e-02
-8.299751579761505127e-02
-8.180026710033416748e-02
-7.978764176368713379e-02
-7.770129293203353882e-02
-7.552441954612731934e-02
-7.358790934085845947e-02
-7.176089286804199219e-02
-7.024634629487991333e-02
-6.825705617666244507e-02
-6.617332994937896729e-02
-6.462562084197998047e-02
-6.344456225633621216e-02
-6.249603629112243652e-02
-6.142621487379074097e-02
-6.073286011815071106e-02
-6.054693460464477539e-02
-6.064528971910476685e-02
-6.087175011634826660e-02
-6.166079267859458923e-02
-6.299607455730438232e-02
-6.440937519073486328e-02
-6.583129614591598511e-02
-6.793238967657089233e-02
-6.960136443376541138e-02
-7.266718149185180664e-02
-7.534068077802658081e-02
-7.770758867263793945e-02
-8.108338713645935059e-02
-8.396805822849273682e-02
-8.920489251613616943e-02
-9.378381073474884033e-02
-9.870769083499908447e-02
-1.031437888741493225e-01
-1.092760488390922546e-01
-1.156934946775436401e-01
-1.220432147383689880e-01
-1.282097101211547852e-01
-1.342585235834121704e-01
-1.404801756143569946e-01
-1.505516022443771362e-01
-1.589079648256301880e-01
-1.676636040210723877e-01
-1.752522885799407959e-01
-1.856323927640914917e-01
-1.961489915847778320e-01
-2.049487382173538208e-01
-2.164807766675949097e-01
-2.250418066978454590e-01
-2.340311557054519653e-01
-2.487426996231079102e-01
-2.602248489856719971e-01
-2.039243876934051514e-01
-2.162624299526214600e-01
-2.288245111703872681e-01
-2.418202906847000122e-01
-2.539828121662139893e-01
-2.653443813323974609e-01
-2.760084569454193115e-01
-2.905867397785186768e-01
-2.953082323074340820e-01
-2.953064739704132080e-01
-2.953065335750579834e-01
-2.953055799007415771e-01
-2.953083813190460205e-01
-2.953068912029266357e-01
-2.953064143657684326e-01
-2.953165173530578613e-01
-2.953175604343414307e-01
-2.953065335750579834e-01
-2.953070104122161865e-01
-2.953100204467773438e-01
-2.953122556209564209e-01
-2.953067421913146973e-01
-2.953097522258758545e-01
-2.953073680400848389e-01
-2.953216731548309326e-01
-2.953078150749206543e-01
-2.953065931797027588e-01
-2.954085767269134521e-01
-3.067260086536407471e-01
-3.071952164173126221e-01
-3.067693114280700684e-01
-3.073812425136566162e-01
-3.088526129722595215e-01
-3.093035519123077393e-01
-3.093039989471435547e-01
-3.072529435157775879e-01
-3.072527647018432617e-01
-3.072530329227447510e-01
-3.072547614574432373e-01
-3.072557747364044189e-01
-3.072524070739746094e-01
-3.072526156902313232e-01
-3.072550892829895020e-01
-3.072524666786193848e-01
-3.072536289691925049e-01
-3.072525560855865479e-01
-3.072553575038909912e-01
-3.072560429573059082e-01
-3.072530925273895264e-01
-3.072518408298492432e-01
-3.072524070739746094e-01
-3.072546720504760742e-01
-3.072553575038909912e-01
-3.072547018527984619e-01
-3.072542250156402588e-01
-3.072553277015686035e-01
-3.072524070739746094e-01
-3.114813566207885742e-01
-3.247652053833007812e-01
-3.388719558715820312e-01
-3.549101948738098145e-01
-3.706236779689788818e-01
-3.843979239463806152e-01
-4.056758582592010498e-01
-4.228847324848175049e-01
-4.401381611824035645e-01
-4.539204239845275879e-01
-4.680082499980926514e-01
-4.900373816490173340e-01
-5.049074292182922363e-01
-5.188533663749694824e-01
-5.371859669685363770e-01
-5.555080175399780273e-01
-5.728320479393005371e-01
-5.870659947395324707e-01
-6.007042527198791504e-01
-6.195642948150634766e-01
-6.378939747810363770e-01
-6.554297208786010742e-01
-6.694759130477905273e-01
-6.824551224708557129e-01
-6.919832825660705566e-01
-6.919779181480407715e-01
-6.919777989387512207e-01
-6.919777989387512207e-01
-6.919832825660705566e-01
-6.919782757759094238e-01
-6.919769644737243652e-01
-6.919766664505004883e-01
-6.919806003570556641e-01
-6.919788122177124023e-01
-6.919754147529602051e-01
-6.924458146095275879e-01
-6.927404403686523438e-01
-6.927064061164855957e-01
-6.927988529205322266e-01
-6.927983164787292480e-01
-6.927953958511352539e-01
-6.928187012672424316e-01
-6.928026676177978516e-01
-6.927949190139770508e-01
-6.928019523620605469e-01
-6.928132176399230957e-01
-6.928006410598754883e-01
-6.927959918975830078e-01
-6.928013563156127930e-01
-6.928012371063232422e-01
-7.112810611724853516e-01
-7.112266421318054199e-01
-7.000936269760131836e-01
-6.995384693145751953e-01
-6.995869874954223633e-01
-7.107239961624145508e-01
-7.154624462127685547e-01
-7.145717740058898926e-01
-7.265269756317138672e-01
-7.265894412994384766e-01
-7.286347150802612305e-01
-7.426252365112304688e-01
-7.539802193641662598e-01
-7.634779214859008789e-01
-7.755412459373474121e-01
-7.860590815544128418e-01
-8.026190400123596191e-01
-8.163215517997741699e-01
-8.251238465309143066e-01
-8.406243324279785156e-01
-8.490282297134399414e-01
-8.490305542945861816e-01
-8.490309715270996094e-01
-8.490349054336547852e-01
-8.490182757377624512e-01
-8.490306138992309570e-01
-8.490316867828369141e-01
-8.490253686904907227e-01
-8.490176796913146973e-01
-8.490306138992309570e-01
-8.490285277366638184e-01
-8.490266203880310059e-01
-8.490287065505981445e-01
-8.495902419090270996e-01
-8.495895862579345703e-01
-8.495888710021972656e-01
-8.495876193046569824e-01
-8.495838046073913574e-01
-8.495901226997375488e-01
-8.495891094207763672e-01
-8.495891690254211426e-01
-8.495864272117614746e-01
-8.495896458625793457e-01
-8.495892882347106934e-01
-8.495882153511047363e-01
-8.495898842811584473e-01
-8.495896458625793457e-01
-8.495896458625793457e-01
-8.495905399322509766e-01
-8.495881557464599609e-01
-8.495900034904479980e-01
-8.495903015136718750e-01
-8.495903015136718750e-01
-8.490381240844726562e-01
-8.625229597091674805e-01
-8.623051047325134277e-01
-8.625470995903015137e-01
-8.626616597175598145e-01
-8.677316904067993164e-01
-8.677309155464172363e-01
-8.677314519882202148e-01
-8.677329421043395996e-01
-8.677294254302978516e-01
-8.677294850349426270e-01
-8.677310347557067871e-01
-8.677309751510620117e-01
-8.677283525466918945e-01
-8.677303791046142578e-01
-8.677290678024291992e-01
-8.677318096160888672e-01
-8.677302002906799316e-01
-8.677293062210083008e-01
-8.677307367324829102e-01
-8.677318692207336426e-01
-8.677300810813903809e-01
-8.677300810813903809e-01
-8.677301406860351562e-01
-8.677281737327575684e-01
-8.677314519882202148e-01
-8.677319884300231934e-01
-8.682227134704589844e-01
-8.713932037353515625e-01
-8.742017149925231934e-01
-8.766802549362182617e-01
-8.787559270858764648e-01
-8.799645304679870605e-01
-8.818909525871276855e-01
-8.831792473793029785e-01
-8.841407895088195801e-01
-8.845569491386413574e-01
-8.850070834159851074e-01
-8.851906061172485352e-01
-8.849607706069946289e-01
-8.846249580383300781e-01
-8.846250176429748535e-01
-8.846250176429748535e-01
-8.846260905265808105e-01
-8.846231698989868164e-01
-8.846255540847778320e-01
-8.846257925033569336e-01
-8.846252560615539551e-01
-8.846237659454345703e-01
-8.846253752708435059e-01
-8.846572637557983398e-01
-8.846341371536254883e-01
-8.842663764953613281e-01
-8.924338817596435547e-01
-8.926028609275817871e-01
-8.932653665542602539e-01
-8.933820724487304688e-01
-8.944623470306396484e-01
-8.953129053115844727e-01
-8.969791531562805176e-01
-8.887771964073181152e-01
-8.843884468078613281e-01
-8.898574113845825195e-01
-8.898562788963317871e-01
-8.898563385009765625e-01
-8.898567557334899902e-01
-8.898568153381347656e-01
-8.898562788963317871e-01
-8.898562192916870117e-01
-8.898557424545288086e-01
-8.898546695709228516e-01
-8.898578286170959473e-01
-8.898556828498840332e-01
-8.898586034774780273e-01
-8.941850662231445312e-01
-9.077017307281494141e-01
-9.339718818664550781e-01
-9.545802474021911621e-01
-9.847741127014160156e-01
-1.009884715080261230e+00
-1.030213356018066406e+00
-1.057331442832946777e+00
-1.077513337135314941e+00
-1.109199762344360352e+00
-1.133510351181030273e+00
-1.152513265609741211e+00
-1.179723978042602539e+00
-1.199784159660339355e+00
-1.231258988380432129e+00
-1.253669857978820801e+00
-1.280519843101501465e+00
-1.299724698066711426e+00
-1.318510532379150391e+00
-1.333558082580566406e+00
-1.333559036254882812e+00
-1.333558678627014160e+00
-1.333558082580566406e+00
-1.333556413650512695e+00
-1.333559751510620117e+00
-1.333559155464172363e+00
-1.333559393882751465e+00
-1.333561420440673828e+00
-1.333559036254882812e+00
-1.333558917045593262e+00
-1.333557486534118652e+00
-1.333559155464172363e+00
-1.333558678627014160e+00
-1.333560347557067871e+00
-1.333559989929199219e+00
-1.333558797836303711e+00
-1.333558201789855957e+00
-1.333560109138488770e+00
-1.333558201789855957e+00
-1.333460569381713867e+00
-1.333907485008239746e+00
-1.332627534866333008e+00
-1.332370400428771973e+00
-1.331670284271240234e+00
-1.331052660942077637e+00
-1.330704689025878906e+00
-1.330705165863037109e+00
-1.330705285072326660e+00
-1.330702781677246094e+00
-1.330703854560852051e+00
-1.330705285072326660e+00
-1.330705404281616211e+00
-1.330703020095825195e+00
-1.330706715583801270e+00
-1.330703973770141602e+00
-1.330701947212219238e+00
-1.330703973770141602e+00
-1.330706357955932617e+00
-1.331385374069213867e+00
-1.333924293518066406e+00
-1.335628509521484375e+00
-1.338019371032714844e+00
-1.340266227722167969e+00
-1.341869711875915527e+00
-1.344073653221130371e+00
-1.345635414123535156e+00
-1.347205996513366699e+00
-1.348585724830627441e+00
-1.349617362022399902e+00
-1.351133465766906738e+00
-1.352003097534179688e+00
-1.352577447891235352e+00
-1.352793812751770020e+00
-1.352735280990600586e+00
-1.352052450180053711e+00
-1.351063370704650879e+00
-1.349646568298339844e+00
-1.348048090934753418e+00
-1.346409797668457031e+00
-1.343491196632385254e+00
-1.340689897537231445e+00
-1.338167548179626465e+00
-1.334417819976806641e+00
-1.331285715103149414e+00
-1.325399756431579590e+00
-1.320402503013610840e+00
-1.316128373146057129e+00
-1.309329271316528320e+00
-1.302235007286071777e+00
-1.294832110404968262e+00
-1.287317037582397461e+00
-1.281793355941772461e+00
-1.272821187973022461e+00
-1.263204336166381836e+00
-1.253244876861572266e+00
-1.245080947875976562e+00
-1.233962178230285645e+00
-1.225332140922546387e+00
-1.213307380676269531e+00
-1.201506018638610840e+00
-1.189902901649475098e+00
-1.178308129310607910e+00
-1.168180465698242188e+00
-1.154483437538146973e+00
-1.139796018600463867e+00
-1.128267765045166016e+00
-1.112171173095703125e+00
-1.099979758262634277e+00
-1.083088278770446777e+00
-1.066004514694213867e+00
-1.051494479179382324e+00
-1.051490068435668945e+00
-1.051489949226379395e+00
-1.051489591598510742e+00
-1.051493167877197266e+00
-1.051487922668457031e+00
-1.051490068435668945e+00
-1.051488637924194336e+00
-1.051490545272827148e+00
-1.051496267318725586e+00
-1.050766825675964355e+00
-1.050744414329528809e+00
-1.050326824188232422e+00
-1.050168514251708984e+00
-1.049081444740295410e+00
-1.049082279205322266e+00
-1.049081563949584961e+00
-1.049082994461059570e+00
-1.049083352088928223e+00
-1.049082398414611816e+00
-1.049082040786743164e+00
-1.061747312545776367e+00
-1.067694544792175293e+00
-1.067687273025512695e+00
-1.067687511444091797e+00
-1.072864413261413574e+00
-1.072859883308410645e+00
-1.072860002517700195e+00
-1.072859883308410645e+00
-1.072860836982727051e+00
-1.072861075401306152e+00
-1.072860121726989746e+00
-1.072859764099121094e+00
-1.076263308525085449e+00
-1.076264023780822754e+00
-1.076264142990112305e+00
-1.076263666152954102e+00
-1.076264739036560059e+00
-1.076265931129455566e+00
-1.076264023780822754e+00
-1.076264500617980957e+00
-1.069621920585632324e+00
-1.069623112678527832e+00
-1.069622874259948730e+00
-1.069622278213500977e+00
-1.069623827934265137e+00
-1.069624304771423340e+00
-1.069623231887817383e+00
-1.069624066352844238e+00
-1.069623112678527832e+00
-1.069622635841369629e+00
