1.696000134557880000e+15
1.696000134590481000e+15
1.696000134625851000e+15
1.696000134657963000e+15
1.696000134692616000e+15
1.696000134724859000e+15
1.696000134757710000e+15
1.696000134791041000e+15
1.696000134826391000e+15
1.696000134861709000e+15
1.696000134893085000e+15
1.696000134926125000e+15
1.696000134958622000e+15
1.696000134991827000e+15
1.696000135024360000e+15
1.696000135059272000e+15
1.696000135093152000e+15
1.696000135126441000e+15
1.696000135157850000e+15
1.696000135191368000e+15
1.696000135224606000e+15
1.696000135259292000e+15
1.696000135291504000e+15
1.696000135326912000e+15
1.696000135359904000e+15
1.696000135390987000e+15
1.696000135424220000e+15
1.696000135459369000e+15
1.696000135493561000e+15
1.696000135527674000e+15
1.696000135557836000e+15
1.696000135592634000e+15
1.696000135624285000e+15
1.696000135657851000e+15
1.696000135692857000e+15
1.696000135728379000e+15
1.696000135760340000e+15
1.696000135791338000e+15
1.696000135824651000e+15
1.696000135858132000e+15
1.696000135893321000e+15
1.696000135925837000e+15
1.696000135958448000e+15
1.696000135992643000e+15
1.696000136024538000e+15
1.696000136058138000e+15
1.696000136091425000e+15
1.696000136126452000e+15
1.696000136157651000e+15
1.696000136192247000e+15
1.696000136224591000e+15
1.696000136257687000e+15
1.696000136291790000e+15
1.696000136325705000e+15
1.696000136360810000e+15
1.696000136392106000e+15
1.696000136424843000e+15
1.696000136457480000e+15
1.696000136491335000e+15
1.696000136528522000e+15
1.696000136560573000e+15
1.696000136593766000e+15
1.696000136625470000e+15
1.696000136658075000e+15
1.696000136691375000e+15
1.696000136724599000e+15
1.696000136759200000e+15
1.696000136791137000e+15
1.696000136824350000e+15
1.696000136858597000e+15
1.696000136891767000e+15
1.696000136924125000e+15
1.696000136957607000e+15
1.696000136995798000e+15
1.696000137028010000e+15
1.696000137060545000e+15
1.696000137091180000e+15
1.696000137127341000e+15
1.696000137158227000e+15
1.696000137190832000e+15
1.696000137227210000e+15
1.696000137257471000e+15
1.696000137292586000e+15
1.696000137325821000e+15
1.696000137357853000e+15
1.696000137391156000e+15
1.696000137427372000e+15
1.696000137460940000e+15
1.696000137492558000e+15
1.696000137524934000e+15
1.696000137557855000e+15
1.696000137591223000e+15
1.696000137626445000e+15
1.696000137660888000e+15
1.696000137692455000e+15
1.696000137725484000e+15
1.696000137757747000e+15
1.696000137791548000e+15
1.696000137823977000e+15
1.696000137860518000e+15
1.696000137894407000e+15
1.696000137924871000e+15
1.696000137959080000e+15
1.696000137991507000e+15
1.696000138024798000e+15
1.696000138058069000e+15
1.696000138120387000e+15
1.696000138157780000e+15
1.696000138190726000e+15
1.696000138223685000e+15
1.696000138254694000e+15
1.696000138257386000e+15
1.696000138292950000e+15
1.696000138326738000e+15
1.696000138359534000e+15
1.696000138392648000e+15
1.696000138424926000e+15
1.696000138457964000e+15
1.696000138491363000e+15
1.696000138526449000e+15
1.696000138558428000e+15
1.696000138593536000e+15
1.696000138624866000e+15
1.696000138664902000e+15
1.696000138692434000e+15
1.696000138726320000e+15
1.696000138762427000e+15
1.696000138793811000e+15
1.696000138825842000e+15
1.696000138858215000e+15
1.696000138896677000e+15
1.696000138924866000e+15
1.696000138979691000e+15
1.696000138995704000e+15
1.696000139024712000e+15
1.696000139060191000e+15
1.696000139138283000e+15
1.696000139156206000e+15
1.696000139159546000e+15
1.696000139192281000e+15
1.696000139228345000e+15
1.696000139259037000e+15
1.696000139291520000e+15
1.696000139326180000e+15
1.696000139359124000e+15
1.696000139392229000e+15
1.696000139426887000e+15
1.696000139459304000e+15
1.696000139491740000e+15
1.696000139524855000e+15
1.696000139557365000e+15
1.696000139593738000e+15
1.696000139627178000e+15
1.696000139659038000e+15
1.696000139691672000e+15
1.696000139724815000e+15
1.696000139757550000e+15
1.696000139793720000e+15
1.696000139827231000e+15
1.696000139859375000e+15
1.696000139892297000e+15
1.696000139926591000e+15
1.696000139957845000e+15
1.696000139992469000e+15
1.696000140031761000e+15
1.696000140059714000e+15
1.696000140092856000e+15
1.696000140124827000e+15
1.696000140158483000e+15
1.696000140191561000e+15
1.696000140225259000e+15
1.696000140259345000e+15
1.696000140292344000e+15
1.696000140324750000e+15
1.696000140358710000e+15
1.696000140391823000e+15
1.696000140424787000e+15
1.696000140460704000e+15
1.696000140492985000e+15
1.696000140525601000e+15
1.696000140557835000e+15
1.696000140593141000e+15
1.696000140624186000e+15
1.696000140661662000e+15
1.696000140693352000e+15
1.696000140725252000e+15
1.696000140757855000e+15
1.696000140791508000e+15
1.696000140825935000e+15
1.696000140861123000e+15
1.696000140893035000e+15
1.696000140924887000e+15
1.696000140957979000e+15
1.696000140993020000e+15
1.696000141024863000e+15
1.696000141060041000e+15
1.696000141093345000e+15
1.696000141126838000e+15
1.696000141159195000e+15
1.696000141191375000e+15
1.696000141224777000e+15
1.696000141257924000e+15
1.696000141321085000e+15
1.696000141346852000e+15
1.696000141368800000e+15
1.696000141413849000e+15
1.696000141440310000e+15
1.696000141459682000e+15
1.696000141495552000e+15
1.696000141527331000e+15
1.696000141557935000e+15
1.696000141591826000e+15
1.696000141625514000e+15
1.696000141658616000e+15
1.696000141692496000e+15
1.696000141726818000e+15
1.696000141759904000e+15
1.696000141823998000e+15
1.696000141825069000e+15
1.696000141858272000e+15
1.696000141891215000e+15
1.696000141924594000e+15
1.696000141960311000e+15
1.696000141992934000e+15
1.696000142024695000e+15
1.696000142058023000e+15
1.696000142091378000e+15
1.696000142125112000e+15
1.696000142160687000e+15
1.696000142192502000e+15
1.696000142257412000e+15
1.696000142260906000e+15
1.696000142299298000e+15
1.696000142324959000e+15
1.696000142360437000e+15
1.696000142394201000e+15
1.696000142459175000e+15
1.696000142461776000e+15
1.696000142497389000e+15
1.696000142526956000e+15
1.696000142576608000e+15
1.696000142593663000e+15
1.696000142624955000e+15
1.696000142658206000e+15
1.696000142691362000e+15
1.696000142724755000e+15
1.696000142761523000e+15
1.696000142793707000e+15
1.696000142825369000e+15
1.696000142857855000e+15
1.696000142891648000e+15
1.696000142924275000e+15
1.696000142959891000e+15
1.696000142993319000e+15
1.696000143024892000e+15
1.696000143058901000e+15
1.696000143091940000e+15
1.696000143124746000e+15
1.696000143158437000e+15
1.696000143195041000e+15
1.696000143226752000e+15
1.696000143258803000e+15
1.696000143291632000e+15
1.696000143324965000e+15
1.696000143358180000e+15
1.696000143392642000e+15
1.696000143427824000e+15
1.696000143460325000e+15
1.696000143491414000e+15
1.696000143524873000e+15
1.696000143558322000e+15
1.696000143590877000e+15
1.696000143624581000e+15
1.696000143659766000e+15
1.696000143691305000e+15
1.696000143724846000e+15
1.696000143758028000e+15
1.696000143791701000e+15
1.696000143826405000e+15
1.696000143861280000e+15
1.696000143893440000e+15
1.696000143925843000e+15
1.696000143958250000e+15
1.696000143991589000e+15
1.696000144025223000e+15
1.696000144059639000e+15
1.696000144095011000e+15
1.696000144126023000e+15
1.696000144158366000e+15
1.696000144191395000e+15
1.696000144224591000e+15
1.696000144258064000e+15
1.696000144293397000e+15
1.696000144327026000e+15
1.696000144358572000e+15
1.696000144391492000e+15
1.696000144425583000e+15
1.696000144458119000e+15
1.696000144491705000e+15
1.696000144527598000e+15
1.696000144558343000e+15
1.696000144591622000e+15
1.696000144624677000e+15
1.696000144658346000e+15
1.696000144692515000e+15
1.696000144724850000e+15
1.696000144758335000e+15
1.696000144792101000e+15
1.696000144825700000e+15
1.696000144858340000e+15
1.696000144891157000e+15
1.696000144924670000e+15
1.696000144960161000e+15
1.696000144993227000e+15
1.696000145025630000e+15
1.696000145058238000e+15
1.696000145091737000e+15
1.696000145125263000e+15
1.696000145159158000e+15
1.696000145191972000e+15
1.696000145226587000e+15
1.696000145258772000e+15
1.696000145291265000e+15
1.696000145324868000e+15
1.696000145360325000e+15
1.696000145392852000e+15
1.696000145426628000e+15
1.696000145459513000e+15
1.696000145491645000e+15
1.696000145524845000e+15
1.696000145560913000e+15
1.696000145593067000e+15
1.696000145626648000e+15
1.696000145659571000e+15
1.696000145693655000e+15
1.696000145726761000e+15
1.696000145758291000e+15
1.696000145791977000e+15
1.696000145833855000e+15
1.696000145862885000e+15
1.696000145893424000e+15
1.696000145925075000e+15
1.696000145958226000e+15
1.696000145991624000e+15
1.696000146026382000e+15
1.696000146060751000e+15
1.696000146093435000e+15
1.696000146126810000e+15
1.696000146158326000e+15
1.696000146191612000e+15
1.696000146224780000e+15
1.696000146258990000e+15
1.696000146295039000e+15
1.696000146326010000e+15
1.696000146358264000e+15
1.696000146391962000e+15
1.696000146425063000e+15
1.696000146458334000e+15
1.696000146493741000e+15
1.696000146525031000e+15
1.696000146558796000e+15
1.696000146591730000e+15
1.696000146627250000e+15
1.696000146659051000e+15
1.696000146693685000e+15
1.696000146832578000e+15
1.696000146833747000e+15
1.696000146834942000e+15
1.696000146835974000e+15
1.696000146859398000e+15
1.696000146975291000e+15
1.696000146975453000e+15
1.696000146976000000e+15
1.696000146991835000e+15
1.696000147046894000e+15
1.696000147124885000e+15
1.696000147126492000e+15
1.696000147126955000e+15
1.696000147239071000e+15
1.696000147239777000e+15
1.696000147241230000e+15
1.696000147258946000e+15
1.696000147291589000e+15
1.696000147377316000e+15
1.696000147377780000e+15
1.696000147391514000e+15
1.696000147428520000e+15
1.696000147458041000e+15
1.696000147581580000e+15
1.696000147582309000e+15
1.696000147582865000e+15
1.696000147594033000e+15
1.696000147627013000e+15
1.696000147658904000e+15
1.696000147695824000e+15
1.696000147839040000e+15
1.696000147839807000e+15
1.696000147839934000e+15
1.696000147840608000e+15
1.696000147859577000e+15
1.696000147996883000e+15
1.696000147997077000e+15
1.696000147997782000e+15
1.696000147998280000e+15
1.696000148027279000e+15
1.696000148058767000e+15
1.696000148129413000e+15
1.696000148130134000e+15
1.696000148158009000e+15
1.696000148191211000e+15
1.696000148227393000e+15
1.696000148259658000e+15
1.696000148319363000e+15
1.696000148324970000e+15
1.696000148423018000e+15
1.696000148423652000e+15
1.696000148427428000e+15
1.696000148459701000e+15
1.696000148507595000e+15
1.696000148524865000e+15
1.696000148650878000e+15
1.696000148651021000e+15
1.696000148651673000e+15
1.696000148660555000e+15
1.696000148692640000e+15
1.696000148737809000e+15
1.696000148757936000e+15
1.696000148792067000e+15
1.696000148843304000e+15
1.696000148861133000e+15
1.696000148893542000e+15
1.696000148986642000e+15
1.696000148987074000e+15
1.696000148991704000e+15
1.696000149024065000e+15
1.696000149060506000e+15
1.696000149093874000e+15
1.696000149125811000e+15
1.696000149157911000e+15
1.696000149191985000e+15
1.696000149224663000e+15
1.696000149260023000e+15
1.696000149294305000e+15
1.696000149339531000e+15
1.696000149357999000e+15
1.696000149392247000e+15
1.696000149424970000e+15
1.696000149458882000e+15
1.696000149491769000e+15
1.696000149526697000e+15
1.696000149559500000e+15
1.696000149591992000e+15
1.696000149624011000e+15
1.696000149661459000e+15
1.696000149694407000e+15
1.696000149725142000e+15
1.696000149758412000e+15
1.696000149792208000e+15
1.696000149824963000e+15
1.696000149857845000e+15
1.696000149893169000e+15
1.696000149928297000e+15
1.696000149960407000e+15
1.696000149991571000e+15
1.696000150024955000e+15
1.696000150058471000e+15
1.696000150092715000e+15
1.696000150133225000e+15
1.696000150159797000e+15
1.696000150199720000e+15
1.696000150225047000e+15
1.696000150258977000e+15
1.696000150293010000e+15
1.696000150328356000e+15
1.696000150358547000e+15
1.696000150393428000e+15
1.696000150425436000e+15
1.696000150458275000e+15
1.696000150491263000e+15
1.696000150525023000e+15
1.696000150559063000e+15
1.696000150594249000e+15
1.696000150624814000e+15
1.696000150658481000e+15
1.696000150691585000e+15
1.696000150724838000e+15
1.696000150758327000e+15
1.696000150793715000e+15
1.696000150827124000e+15
1.696000150858841000e+15
1.696000150891766000e+15
1.696000150925402000e+15
1.696000150957502000e+15
1.696000150991843000e+15
1.696000151025171000e+15
1.696000151059571000e+15
1.696000151091693000e+15
1.696000151126879000e+15
1.696000151158502000e+15
1.696000151193335000e+15
1.696000151226336000e+15
1.696000151259345000e+15
1.696000151291971000e+15
1.696000151325559000e+15
1.696000151358410000e+15
1.696000151403289000e+15
1.696000151434219000e+15
1.696000151457877000e+15
1.696000151493133000e+15
1.696000151524650000e+15
1.696000151559290000e+15
1.696000151591320000e+15
1.696000151628068000e+15
1.696000151659968000e+15
1.696000151692310000e+15
1.696000151724810000e+15
1.696000151759909000e+15
1.696000151792546000e+15
1.696000151827171000e+15
1.696000151864540000e+15
1.696000151893376000e+15
1.696000151932386000e+15
1.696000151959432000e+15
1.696000151991602000e+15
1.696000152026383000e+15
1.696000152063091000e+15
1.696000152094168000e+15
1.696000152126133000e+15
1.696000152157833000e+15
1.696000152191312000e+15
1.696000152224883000e+15
1.696000152260916000e+15
1.696000152293691000e+15
1.696000152326423000e+15
1.696000152358251000e+15
1.696000152391864000e+15
1.696000152427617000e+15
1.696000152458705000e+15
1.696000152491315000e+15
1.696000152527878000e+15
1.696000152559872000e+15
1.696000152591751000e+15
1.696000152624730000e+15
1.696000152658602000e+15
1.696000152692588000e+15
1.696000152728369000e+15
1.696000152759523000e+15
1.696000152791627000e+15
1.696000152824993000e+15
1.696000152889614000e+15
1.696000152891147000e+15
1.696000152927014000e+15
1.696000152958058000e+15
1.696000152992550000e+15
1.696000153024986000e+15
1.696000153058530000e+15
1.696000153092499000e+15
1.696000153125082000e+15
1.696000153162536000e+15
1.696000153192835000e+15
1.696000153225014000e+15
1.696000153287667000e+15
1.696000153291190000e+15
1.696000153325347000e+15
1.696000153357981000e+15
1.696000153393921000e+15
1.696000153457472000e+15
1.696000153463298000e+15
1.696000153491605000e+15
1.696000153555696000e+15
1.696000153557567000e+15
1.696000153591470000e+15
1.696000153627225000e+15
1.696000153689687000e+15
1.696000153722032000e+15
1.696000153724347000e+15
1.696000153759290000e+15
1.696000153803068000e+15
1.696000153828918000e+15
1.696000153863658000e+15
1.696000153891740000e+15
1.696000153966208000e+15
1.696000153966543000e+15
1.696000153995235000e+15
1.696000154027033000e+15
1.696000154069039000e+15
1.696000154091933000e+15
1.696000154126266000e+15
1.696000154158618000e+15
1.696000154192414000e+15
1.696000154225406000e+15
1.696000154261208000e+15
1.696000154293544000e+15
1.696000154330884000e+15
1.696000154360955000e+15
1.696000154391655000e+15
1.696000154425971000e+15
1.696000154463770000e+15
1.696000154510598000e+15
1.696000154525941000e+15
1.696000154560320000e+15
1.696000154627039000e+15
1.696000154667796000e+15
1.696000154667884000e+15
1.696000154691228000e+15
1.696000154726248000e+15
1.696000154767869000e+15
1.696000154792865000e+15
1.696000154824668000e+15
1.696000154859675000e+15
1.696000154894677000e+15
1.696000154926750000e+15
1.696000154959431000e+15
1.696000154991745000e+15
1.696000155025633000e+15
1.696000155058058000e+15
1.696000155093107000e+15
1.696000155128343000e+15
1.696000155159496000e+15
1.696000155191641000e+15
1.696000155224772000e+15
1.696000155258385000e+15
1.696000155293232000e+15
1.696000155325912000e+15
1.696000155359275000e+15
1.696000155391239000e+15
1.696000155424581000e+15
1.696000155458271000e+15
1.696000155491859000e+15
1.696000155524417000e+15
1.696000155587831000e+15
1.696000155624825000e+15
1.696000155656527000e+15
1.696000155658179000e+15
1.696000155721997000e+15
1.696000155755769000e+15
1.696000155788010000e+15
1.696000155793477000e+15
1.696000155826725000e+15
1.696000155858592000e+15
1.696000155891574000e+15
1.696000155926580000e+15
1.696000155959406000e+15
1.696000155992169000e+15
1.696000156026672000e+15
1.696000156058947000e+15
1.696000156091548000e+15
1.696000156125007000e+15
1.696000156158491000e+15
1.696000156193838000e+15
1.696000156227526000e+15
1.696000156260375000e+15
1.696000156291590000e+15
1.696000156324927000e+15
1.696000156358108000e+15
1.696000156391880000e+15
1.696000156424906000e+15
1.696000156460444000e+15
1.696000156492668000e+15
1.696000156524768000e+15
1.696000156558846000e+15
1.696000156591787000e+15
1.696000156624980000e+15
1.696000156659061000e+15
1.696000156691246000e+15
1.696000156726104000e+15
1.696000156758127000e+15
1.696000156791449000e+15
1.696000156824623000e+15
1.696000156859254000e+15
1.696000156894064000e+15
1.696000156927127000e+15
1.696000156958855000e+15
1.696000156992106000e+15
1.696000157025974000e+15
1.696000157057963000e+15
1.696000157093525000e+15
1.696000157127634000e+15
1.696000157158963000e+15
1.696000157193868000e+15
1.696000157225455000e+15
1.696000157259861000e+15
1.696000157292006000e+15
1.696000157326052000e+15
1.696000157360260000e+15
1.696000157392829000e+15
1.696000157425218000e+15
1.696000157462586000e+15
1.696000157491532000e+15
1.696000157525147000e+15
1.696000157558454000e+15
1.696000157592436000e+15
1.696000157624643000e+15
1.696000157658855000e+15
1.696000157692252000e+15
1.696000157725721000e+15
1.696000157761263000e+15
1.696000157793195000e+15
1.696000157824464000e+15
1.696000157858329000e+15
1.696000157891168000e+15
1.696000157931592000e+15
1.696000157959013000e+15
1.696000157994662000e+15
1.696000158025601000e+15
1.696000158058503000e+15
1.696000158091813000e+15
1.696000158124723000e+15
1.696000158159070000e+15
1.696000158191503000e+15
1.696000158227407000e+15
1.696000158258173000e+15
1.696000158291774000e+15
1.696000158324798000e+15
1.696000158358777000e+15
1.696000158392644000e+15
1.696000158426685000e+15
1.696000158458540000e+15
1.696000158491649000e+15
1.696000158525820000e+15
1.696000158557923000e+15
1.696000158591627000e+15
1.696000158627344000e+15
1.696000158659468000e+15
1.696000158691323000e+15
1.696000158725165000e+15
1.696000158758347000e+15
1.696000158792224000e+15
1.696000158825249000e+15
1.696000158859854000e+15
1.696000158892527000e+15
1.696000158924914000e+15
1.696000158958221000e+15
1.696000158991631000e+15
1.696000159025437000e+15
1.696000159060239000e+15
1.696000159093440000e+15
1.696000159125874000e+15
1.696000159189207000e+15
1.696000159222430000e+15
1.696000159255101000e+15
1.696000159288155000e+15
1.696000159323976000e+15
1.696000159327104000e+15
1.696000159358939000e+15
1.696000159391407000e+15
1.696000159424806000e+15
1.696000159458103000e+15
1.696000159492333000e+15
1.696000159525980000e+15
1.696000159559979000e+15
1.696000159591652000e+15
1.696000159625375000e+15
1.696000159657180000e+15
1.696000159691634000e+15
1.696000159725108000e+15
1.696000159759576000e+15
1.696000159792349000e+15
1.696000159824760000e+15
1.696000159860453000e+15
1.696000159891963000e+15
1.696000159925070000e+15
1.696000159960553000e+15
1.696000159992303000e+15
1.696000160025241000e+15
1.696000160058512000e+15
1.696000160093070000e+15
1.696000160124753000e+15
1.696000160159681000e+15
1.696000160194143000e+15
1.696000160226698000e+15
1.696000160260037000e+15
1.696000160291608000e+15
1.696000160325121000e+15
1.696000160359092000e+15
1.696000160391427000e+15
1.696000160426206000e+15
1.696000160458304000e+15
1.696000160491740000e+15
1.696000160524826000e+15
1.696000160559676000e+15
1.696000160594495000e+15
1.696000160626316000e+15
1.696000160658021000e+15
1.696000160691200000e+15
1.696000160725127000e+15
1.696000160758458000e+15
1.696000160794814000e+15
1.696000160828686000e+15
1.696000160858517000e+15
1.696000160891563000e+15
1.696000160925034000e+15
1.696000160958541000e+15
1.696000160991741000e+15
1.696000161026978000e+15
1.696000161060359000e+15
1.696000161091609000e+15
1.696000161125273000e+15
1.696000161158565000e+15
1.696000161192423000e+15
1.696000161224966000e+15
1.696000161261088000e+15
1.696000161293698000e+15
1.696000161327314000e+15
1.696000161358619000e+15
1.696000161391957000e+15
1.696000161424426000e+15
1.696000161459900000e+15
1.696000161491682000e+15
1.696000161525697000e+15
1.696000161557854000e+15
1.696000161594551000e+15
1.696000161624752000e+15
1.696000161659503000e+15
1.696000161692526000e+15
1.696000161726298000e+15
1.696000161758712000e+15
1.696000161791350000e+15
1.696000161824794000e+15
1.696000161858186000e+15
1.696000161890828000e+15
1.696000161927545000e+15
1.696000161958902000e+15
1.696000161991381000e+15
1.696000162024699000e+15
1.696000162058391000e+15
1.696000162091742000e+15
1.696000162125810000e+15
1.696000162161088000e+15
1.696000162192485000e+15
1.696000162224798000e+15
1.696000162258402000e+15
1.696000162292847000e+15
1.696000162325513000e+15
1.696000162360637000e+15
1.696000162394883000e+15
1.696000162425847000e+15
1.696000162458420000e+15
1.696000162495666000e+15
1.696000162524453000e+15
1.696000162559183000e+15
1.696000162594559000e+15
1.696000162626633000e+15
1.696000162658346000e+15
1.696000162691765000e+15
1.696000162724901000e+15
1.696000162757911000e+15
1.696000162794247000e+15
1.696000162826784000e+15
1.696000162857766000e+15
1.696000162891573000e+15
1.696000162925295000e+15
1.696000162958076000e+15
1.696000162992462000e+15
1.696000163024922000e+15
1.696000163058224000e+15
1.696000163091698000e+15
1.696000163128058000e+15
1.696000163158403000e+15
1.696000163191087000e+15
1.696000163225332000e+15
1.696000163258377000e+15
1.696000163291843000e+15
1.696000163325656000e+15
1.696000163358433000e+15
1.696000163392220000e+15
1.696000163426202000e+15
1.696000163461549000e+15
1.696000163493106000e+15
1.696000163524699000e+15
1.696000163557552000e+15
1.696000163591277000e+15
1.696000163624229000e+15
1.696000163687708000e+15
1.696000163690720000e+15
1.696000163725917000e+15
1.696000163789271000e+15
1.696000163790642000e+15
1.696000163825040000e+15
1.696000163859928000e+15
1.696000163891393000e+15
1.696000163924800000e+15
1.696000163958007000e+15
1.696000163991563000e+15
1.696000164025095000e+15
1.696000164057928000e+15
1.696000164092424000e+15
1.696000164124692000e+15
1.696000164158764000e+15
1.696000164190979000e+15
1.696000164224475000e+15
1.696000164258645000e+15
1.696000164320885000e+15
1.696000164325236000e+15
1.696000164359536000e+15
1.696000164391293000e+15
1.696000164424814000e+15
1.696000164458097000e+15
1.696000164491341000e+15
1.696000164525234000e+15
1.696000164558267000e+15
1.696000164592625000e+15
1.696000164625150000e+15
1.696000164658165000e+15
1.696000164691706000e+15
1.696000164725160000e+15
1.696000164759577000e+15
1.696000164791204000e+15
1.696000164824904000e+15
1.696000164860437000e+15
1.696000164895965000e+15
1.696000164931996000e+15
1.696000164961245000e+15
1.696000164993160000e+15
1.696000165056942000e+15
1.696000165060187000e+15
1.696000165091713000e+15
1.696000165124534000e+15
1.696000165158772000e+15
1.696000165191826000e+15
1.696000165228878000e+15
1.696000165259125000e+15
1.696000165293875000e+15
1.696000165326924000e+15
1.696000165374190000e+15
1.696000165400339000e+15
1.696000165426408000e+15
1.696000165458331000e+15
1.696000165491757000e+15
1.696000165524974000e+15
1.696000165558691000e+15
1.696000165592720000e+15
1.696000165627550000e+15
1.696000165661263000e+15
1.696000165693219000e+15
1.696000165734577000e+15
1.696000165785178000e+15
1.696000165806729000e+15
1.696000165840978000e+15
1.696000165860018000e+15
1.696000165892007000e+15
1.696000165925978000e+15
1.696000165958568000e+15
1.696000165990971000e+15
1.696000166025917000e+15
1.696000166060627000e+15
1.696000166092596000e+15
1.696000166125164000e+15
1.696000166158342000e+15
1.696000166191354000e+15
1.696000166225614000e+15
1.696000166261188000e+15
1.696000166292633000e+15
1.696000166324999000e+15
1.696000166358483000e+15
1.696000166391243000e+15
1.696000166424955000e+15
1.696000166460841000e+15
1.696000166493980000e+15
1.696000166526547000e+15
1.696000166557897000e+15
1.696000166592328000e+15
1.696000166624926000e+15
1.696000166658745000e+15
1.696000166691525000e+15
1.696000166726223000e+15
1.696000166757915000e+15
1.696000166791287000e+15
1.696000166825135000e+15
1.696000166858453000e+15
1.696000166893415000e+15
1.696000166927665000e+15
1.696000166959357000e+15
1.696000166991422000e+15
1.696000167024717000e+15
1.696000167058033000e+15
1.696000167092594000e+15
1.696000167124996000e+15
1.696000167159197000e+15
1.696000167191515000e+15
1.696000167225160000e+15
1.696000167258023000e+15
1.696000167291227000e+15
1.696000167325950000e+15
1.696000167358059000e+15
1.696000167391516000e+15
1.696000167424992000e+15
1.696000167458474000e+15
1.696000167490967000e+15
1.696000167524943000e+15
1.696000167560222000e+15
1.696000167592751000e+15
1.696000167624825000e+15
1.696000167658220000e+15
1.696000167691113000e+15
1.696000167724626000e+15
1.696000167758237000e+15
1.696000167792749000e+15
1.696000167824894000e+15
1.696000167858232000e+15
1.696000167891380000e+15
1.696000167926104000e+15
1.696000167958903000e+15
1.696000167991910000e+15
1.696000168025520000e+15
1.696000168058212000e+15
1.696000168091003000e+15
1.696000168124685000e+15
1.696000168156872000e+15
1.696000168191407000e+15
1.696000168227385000e+15
1.696000168259535000e+15
1.696000168291321000e+15
1.696000168324409000e+15
1.696000168358473000e+15
1.696000168392098000e+15
1.696000168425126000e+15
1.696000168457964000e+15
1.696000168491199000e+15
1.696000168524853000e+15
1.696000168558177000e+15
1.696000168591266000e+15
1.696000168627364000e+15
1.696000168658084000e+15
1.696000168691241000e+15
1.696000168724619000e+15
1.696000168761782000e+15
1.696000168800128000e+15
1.696000168825961000e+15
1.696000168866944000e+15
1.696000168901125000e+15
1.696000168932184000e+15
1.696000168959768000e+15
1.696000169019209000e+15
1.696000169028072000e+15
1.696000169060768000e+15
1.696000169093218000e+15
1.696000169124777000e+15
1.696000169158670000e+15
1.696000169191645000e+15
1.696000169224461000e+15
1.696000169259277000e+15
1.696000169294253000e+15
1.696000169324756000e+15
1.696000169358198000e+15
1.696000169391423000e+15
1.696000169424480000e+15
1.696000169458890000e+15
1.696000169491304000e+15
1.696000169526829000e+15
1.696000169558037000e+15
1.696000169592281000e+15
1.696000169625039000e+15
1.696000169658900000e+15
1.696000169691292000e+15
1.696000169726364000e+15
1.696000169758333000e+15
1.696000169792159000e+15
1.696000169824614000e+15
1.696000169857917000e+15
1.696000169893598000e+15
1.696000169926244000e+15
1.696000169957666000e+15
1.696000169991403000e+15
1.696000170025237000e+15
1.696000170057887000e+15
1.696000170092091000e+15
1.696000170125123000e+15
1.696000170159417000e+15
1.696000170191577000e+15
1.696000170224951000e+15
1.696000170258326000e+15
1.696000170292552000e+15
1.696000170325598000e+15
1.696000170360503000e+15
1.696000170392224000e+15
1.696000170425059000e+15
1.696000170458248000e+15
1.696000170491628000e+15
1.696000170525628000e+15
1.696000170558096000e+15
1.696000170593504000e+15
1.696000170625654000e+15
1.696000170658372000e+15
1.696000170691366000e+15
1.696000170724431000e+15
1.696000170759078000e+15
1.696000170791120000e+15
1.696000170825821000e+15
1.696000170857785000e+15
1.696000170891290000e+15
1.696000170925050000e+15
1.696000170958503000e+15
1.696000170991280000e+15
1.696000171027770000e+15
1.696000171062988000e+15
1.696000171091423000e+15
1.696000171126009000e+15
1.696000171158174000e+15
1.696000171192198000e+15
1.696000171224880000e+15
1.696000171258386000e+15
1.696000171291856000e+15
1.696000171324858000e+15
1.696000171358309000e+15
1.696000171392098000e+15
1.696000171425314000e+15
1.696000171458368000e+15
1.696000171492314000e+15
1.696000171524752000e+15
1.696000171559687000e+15
1.696000171591590000e+15
1.696000171624711000e+15
1.696000171661158000e+15
1.696000171693104000e+15
1.696000171724509000e+15
1.696000171757778000e+15
1.696000171791236000e+15
1.696000171826404000e+15
1.696000171859578000e+15
1.696000171891667000e+15
1.696000171935738000e+15
1.696000171965697000e+15
1.696000171991149000e+15
1.696000172026104000e+15
1.696000172058246000e+15
1.696000172095386000e+15
1.696000172126630000e+15
1.696000172158781000e+15
1.696000172191283000e+15
1.696000172224890000e+15
1.696000172258580000e+15
1.696000172293036000e+15
1.696000172325971000e+15
1.696000172358621000e+15
1.696000172391958000e+15
1.696000172426828000e+15
1.696000172466571000e+15
1.696000172512379000e+15
1.696000172527533000e+15
1.696000172563367000e+15
1.696000172593275000e+15
1.696000172624836000e+15
1.696000172658528000e+15
1.696000172691266000e+15
1.696000172753896000e+15
1.696000172759115000e+15
1.696000172792785000e+15
1.696000172825620000e+15
1.696000172858149000e+15
1.696000172891536000e+15
1.696000172925140000e+15
1.696000172959075000e+15
1.696000172991160000e+15
1.696000173024832000e+15
1.696000173058409000e+15
1.696000173132208000e+15
1.696000173132758000e+15
1.696000173168140000e+15
1.696000173203396000e+15
1.696000173226619000e+15
1.696000173258387000e+15
1.696000173291633000e+15
1.696000173326058000e+15
1.696000173357949000e+15
1.696000173393203000e+15
1.696000173426514000e+15
1.696000173458119000e+15
1.696000173491518000e+15
1.696000173524995000e+15
1.696000173558118000e+15
1.696000173591611000e+15
1.696000173625013000e+15
1.696000173661381000e+15
1.696000173692899000e+15
1.696000173724584000e+15
1.696000173758157000e+15
1.696000173791666000e+15
1.696000173824456000e+15
1.696000173858238000e+15
1.696000173894189000e+15
1.696000173924933000e+15
1.696000173958197000e+15
1.696000173991576000e+15
1.696000174025147000e+15
1.696000174059254000e+15
1.696000174091428000e+15
1.696000174125770000e+15
1.696000174157777000e+15
1.696000174191398000e+15
1.696000174224882000e+15
1.696000174257786000e+15
1.696000174291258000e+15
1.696000174327163000e+15
1.696000174358520000e+15
1.696000174391180000e+15
1.696000174425045000e+15
1.696000174457959000e+15
1.696000174491718000e+15
1.696000174525602000e+15
1.696000174559831000e+15
1.696000174592214000e+15
1.696000174625692000e+15
1.696000174658863000e+15
1.696000174692176000e+15
1.696000174724892000e+15
1.696000174758855000e+15
1.696000174792155000e+15
1.696000174825836000e+15
1.696000174858827000e+15
1.696000174891630000e+15
1.696000174925837000e+15
1.696000174963756000e+15
1.696000174993212000e+15
1.696000175026254000e+15
1.696000175058563000e+15
1.696000175093633000e+15
1.696000175125261000e+15
1.696000175161274000e+15
1.696000175192054000e+15
1.696000175225508000e+15
1.696000175258550000e+15
1.696000175292465000e+15
1.696000175325814000e+15
1.696000175358509000e+15
1.696000175391945000e+15
1.696000175424817000e+15
1.696000175458254000e+15
1.696000175491553000e+15
1.696000175530425000e+15
1.696000175559752000e+15
1.696000175591309000e+15
1.696000175626155000e+15
1.696000175658945000e+15
1.696000175691045000e+15
1.696000175724365000e+15
1.696000175758164000e+15
1.696000175791553000e+15
1.696000175826783000e+15
1.696000175859217000e+15
1.696000175895302000e+15
1.696000175926866000e+15
1.696000175959532000e+15
1.696000175991621000e+15
1.696000176025058000e+15
1.696000176058048000e+15
1.696000176093946000e+15
1.696000176126760000e+15
1.696000176158458000e+15
1.696000176191396000e+15
1.696000176225048000e+15
1.696000176259235000e+15
1.696000176290766000e+15
1.696000176325166000e+15
1.696000176358048000e+15
1.696000176391399000e+15
1.696000176425296000e+15
1.696000176458071000e+15
1.696000176491067000e+15
1.696000176526661000e+15
1.696000176562321000e+15
1.696000176591963000e+15
1.696000176625432000e+15
1.696000176658736000e+15
1.696000176691364000e+15
1.696000176724810000e+15
1.696000176758806000e+15
1.696000176791237000e+15
1.696000176825869000e+15
1.696000176858253000e+15
1.696000176891845000e+15
1.696000176924319000e+15
1.696000176957879000e+15
1.696000176995411000e+15
1.696000177028473000e+15
1.696000177059721000e+15
1.696000177091741000e+15
1.696000177125955000e+15
1.696000177157764000e+15
1.696000177192313000e+15
1.696000177225193000e+15
1.696000177259058000e+15
1.696000177292712000e+15
1.696000177325048000e+15
1.696000177358395000e+15
1.696000177391156000e+15
1.696000177425747000e+15
1.696000177458436000e+15
1.696000177491942000e+15
1.696000177524860000e+15
1.696000177557785000e+15
1.696000177591581000e+15
1.696000177624771000e+15
1.696000177659507000e+15
1.696000177692280000e+15
1.696000177725003000e+15
1.696000177758870000e+15
1.696000177791260000e+15
1.696000177824589000e+15
1.696000177859014000e+15
1.696000177891422000e+15
1.696000177925585000e+15
1.696000177958353000e+15
1.696000177991961000e+15
1.696000178024837000e+15
1.696000178058668000e+15
1.696000178093569000e+15
1.696000178125129000e+15
1.696000178158172000e+15
1.696000178191988000e+15
1.696000178224793000e+15
1.696000178257916000e+15
1.696000178292526000e+15
1.696000178325619000e+15
1.696000178359868000e+15
1.696000178391898000e+15
1.696000178426200000e+15
1.696000178457786000e+15
1.696000178492022000e+15
1.696000178526059000e+15
1.696000178558075000e+15
1.696000178591627000e+15
1.696000178624457000e+15
1.696000178658299000e+15
1.696000178691774000e+15
1.696000178726849000e+15
1.696000178758863000e+15
1.696000178791950000e+15
1.696000178825189000e+15
1.696000178858474000e+15
1.696000178891545000e+15
1.696000178924600000e+15
1.696000178959098000e+15
1.696000178992298000e+15
1.696000179025262000e+15
1.696000179058360000e+15
1.696000179091573000e+15
1.696000179124823000e+15
1.696000179158598000e+15
1.696000179191767000e+15
1.696000179227211000e+15
1.696000179259289000e+15
1.696000179291164000e+15
1.696000179324960000e+15
1.696000179358028000e+15
1.696000179391372000e+15
1.696000179424644000e+15
1.696000179458096000e+15
1.696000179491882000e+15
1.696000179524571000e+15
1.696000179558061000e+15
1.696000179591126000e+15
1.696000179624766000e+15
1.696000179660409000e+15
1.696000179692797000e+15
1.696000179724904000e+15
1.696000179757087000e+15
1.696000179790646000e+15
1.696000179824768000e+15
1.696000179858744000e+15
1.696000179891328000e+15
1.696000179924581000e+15
1.696000179963575000e+15
1.696000179991252000e+15
1.696000180026322000e+15
1.696000180058914000e+15
1.696000180092745000e+15
1.696000180126478000e+15
1.696000180157889000e+15
1.696000180191256000e+15
1.696000180225037000e+15
1.696000180257860000e+15
1.696000180292369000e+15
1.696000180324633000e+15
1.696000180358297000e+15
1.696000180391218000e+15
1.696000180425641000e+15
1.696000180458213000e+15
1.696000180492135000e+15
1.696000180527756000e+15
1.696000180559904000e+15
1.696000180591100000e+15
1.696000180624984000e+15
1.696000180658067000e+15
1.696000180690609000e+15
1.696000180725077000e+15
1.696000180758099000e+15
1.696000180791249000e+15
1.696000180825028000e+15
1.696000180858180000e+15
1.696000180891201000e+15
1.696000180925217000e+15
1.696000180961769000e+15
1.696000180992872000e+15
1.696000181024365000e+15
1.696000181058140000e+15
1.696000181091121000e+15
1.696000181125519000e+15
1.696000181158607000e+15
1.696000181191515000e+15
1.696000181224800000e+15
1.696000181257731000e+15
1.696000181291596000e+15
1.696000181325618000e+15
1.696000181358337000e+15
1.696000181391791000e+15
1.696000181425593000e+15
1.696000181458491000e+15
1.696000181491577000e+15
1.696000181524473000e+15
1.696000181558819000e+15
1.696000181594314000e+15
1.696000181626975000e+15
1.696000181658266000e+15
1.696000181692071000e+15
1.696000181724851000e+15
1.696000181758060000e+15
1.696000181792221000e+15
1.696000181824712000e+15
1.696000181858065000e+15
1.696000181893471000e+15
1.696000181925227000e+15
1.696000181958461000e+15
1.696000181991336000e+15
1.696000182025496000e+15
1.696000182060044000e+15
1.696000182091273000e+15
1.696000182124984000e+15
1.696000182158272000e+15
1.696000182192227000e+15
1.696000182224771000e+15
1.696000182259826000e+15
1.696000182291552000e+15
1.696000182325206000e+15
1.696000182358303000e+15
1.696000182391890000e+15
1.696000182424527000e+15
1.696000182458092000e+15
1.696000182491217000e+15
1.696000182524536000e+15
1.696000182557842000e+15
1.696000182590761000e+15
1.696000182625071000e+15
1.696000182660149000e+15
1.696000182691675000e+15
1.696000182724652000e+15
1.696000182758234000e+15
1.696000182791417000e+15
1.696000182826965000e+15
1.696000182857950000e+15
1.696000182891691000e+15
1.696000182924639000e+15
1.696000182958995000e+15
1.696000182992421000e+15
1.696000183026608000e+15
1.696000183058568000e+15
1.696000183091926000e+15
1.696000183126402000e+15
1.696000183158419000e+15
1.696000183191637000e+15
1.696000183224628000e+15
1.696000183258727000e+15
1.696000183291605000e+15
1.696000183324493000e+15
1.696000183358139000e+15
1.696000183391549000e+15
1.696000183424598000e+15
1.696000183458687000e+15
1.696000183493284000e+15
1.696000183526595000e+15
1.696000183558347000e+15
1.696000183591673000e+15
1.696000183624709000e+15
1.696000183660136000e+15
1.696000183727765000e+15
1.696000183800987000e+15
1.696000183809730000e+15
1.696000183830308000e+15
1.696000183858085000e+15
1.696000183928764000e+15
1.696000183963135000e+15
1.696000183963557000e+15
1.696000183992253000e+15
1.696000184024353000e+15
1.696000184057891000e+15
1.696000184091243000e+15
1.696000184125577000e+15
1.696000184187943000e+15
1.696000184190559000e+15
1.696000184224669000e+15
1.696000184258196000e+15
1.696000184291192000e+15
1.696000184324641000e+15
1.696000184359264000e+15
1.696000184391032000e+15
1.696000184424799000e+15
1.696000184457980000e+15
1.696000184491265000e+15
1.696000184525022000e+15
1.696000184557729000e+15
1.696000184591894000e+15
1.696000184626683000e+15
1.696000184658488000e+15
1.696000184691183000e+15
1.696000184724414000e+15
1.696000184757850000e+15
1.696000184792079000e+15
1.696000184824624000e+15
1.696000184858321000e+15
1.696000184891527000e+15
1.696000184924259000e+15
1.696000184958410000e+15
1.696000184992572000e+15
1.696000185025437000e+15
1.696000185058266000e+15
1.696000185091208000e+15
1.696000185125200000e+15
1.696000185157804000e+15
1.696000185192622000e+15
1.696000185224920000e+15
1.696000185258233000e+15
1.696000185291818000e+15
1.696000185326869000e+15
1.696000185357923000e+15
1.696000185391331000e+15
1.696000185425581000e+15
1.696000185457883000e+15
1.696000185492444000e+15
1.696000185524590000e+15
1.696000185558007000e+15
1.696000185591172000e+15
1.696000185624910000e+15
1.696000185660278000e+15
1.696000185693338000e+15
1.696000185724810000e+15
1.696000185757521000e+15
1.696000185791362000e+15
1.696000185824914000e+15
1.696000185858848000e+15
1.696000185891341000e+15
1.696000185926143000e+15
1.696000185958273000e+15
1.696000185991006000e+15
1.696000186026210000e+15
1.696000186058784000e+15
1.696000186095267000e+15
1.696000186127360000e+15
1.696000186157798000e+15
1.696000186191375000e+15
1.696000186224773000e+15
1.696000186258265000e+15
1.696000186298680000e+15
1.696000186325322000e+15
1.696000186358266000e+15
1.696000186391669000e+15
1.696000186424407000e+15
1.696000186457825000e+15
1.696000186491607000e+15
1.696000186527185000e+15
1.696000186558448000e+15
1.696000186591593000e+15
1.696000186624845000e+15
1.696000186658008000e+15
1.696000186692385000e+15
1.696000186725561000e+15
1.696000186757992000e+15
1.696000186791264000e+15
1.696000186853952000e+15
1.696000186887085000e+15
1.696000186921735000e+15
1.696000186924101000e+15
1.696000186958121000e+15
1.696000186991430000e+15
1.696000187038994000e+15
1.696000187059796000e+15
1.696000187104591000e+15
1.696000187131343000e+15
1.696000187168593000e+15
1.696000187192646000e+15
1.696000187226667000e+15
1.696000187257922000e+15
1.696000187292025000e+15
1.696000187326049000e+15
1.696000187358323000e+15
1.696000187392945000e+15
1.696000187424761000e+15
1.696000187458072000e+15
1.696000187491915000e+15
1.696000187524486000e+15
1.696000187558319000e+15
1.696000187595611000e+15
1.696000187624846000e+15
1.696000187657728000e+15
1.696000187691515000e+15
1.696000187724890000e+15
1.696000187758641000e+15
1.696000187791713000e+15
1.696000187824938000e+15
1.696000187861447000e+15
1.696000187893279000e+15
1.696000187925149000e+15
1.696000187958149000e+15
1.696000187991714000e+15
1.696000188025061000e+15
1.696000188059290000e+15
1.696000188093991000e+15
1.696000188126636000e+15
1.696000188165190000e+15
1.696000188191388000e+15
1.696000188224737000e+15
1.696000188258033000e+15
1.696000188292703000e+15
1.696000188324558000e+15
1.696000188358055000e+15
1.696000188391576000e+15
1.696000188424415000e+15
1.696000188458357000e+15
1.696000188492130000e+15
1.696000188525987000e+15
1.696000188560356000e+15
1.696000188592740000e+15
1.696000188624717000e+15
1.696000188658232000e+15
1.696000188691454000e+15
1.696000188724548000e+15
1.696000188759022000e+15
1.696000188791638000e+15
1.696000188825571000e+15
1.696000188858813000e+15
1.696000188891576000e+15
1.696000188925392000e+15
1.696000188959707000e+15
1.696000188991282000e+15
1.696000189026250000e+15
1.696000189058397000e+15
1.696000189090654000e+15
1.696000189128553000e+15
1.696000189158348000e+15
1.696000189192916000e+15
1.696000189225049000e+15
1.696000189258136000e+15
1.696000189291596000e+15
1.696000189325109000e+15
1.696000189357590000e+15
1.696000189392904000e+15
1.696000189424662000e+15
1.696000189458213000e+15
1.696000189492266000e+15
1.696000189524852000e+15
1.696000189557903000e+15
1.696000189591266000e+15
1.696000189624844000e+15
1.696000189658025000e+15
1.696000189691193000e+15
1.696000189724860000e+15
1.696000189758092000e+15
1.696000189790999000e+15
1.696000189824177000e+15
1.696000189892110000e+15
1.696000189922243000e+15
1.696000189957092000e+15
1.696000189989987000e+15
1.696000190020802000e+15
1.696000190053772000e+15
1.696000190087952000e+15
1.696000190090689000e+15
1.696000190125391000e+15
1.696000190158607000e+15
1.696000190191204000e+15
1.696000190224899000e+15
1.696000190259987000e+15
1.696000190293096000e+15
1.696000190333996000e+15
1.696000190358245000e+15
1.696000190391558000e+15
1.696000190425036000e+15
1.696000190458013000e+15
1.696000190491518000e+15
1.696000190524891000e+15
1.696000190558928000e+15
1.696000190591510000e+15
1.696000190624835000e+15
1.696000190658632000e+15
1.696000190691377000e+15
1.696000190727781000e+15
1.696000190758109000e+15
1.696000190791131000e+15
1.696000190854646000e+15
1.696000190862577000e+15
1.696000190895795000e+15
1.696000190924381000e+15
1.696000190958486000e+15
1.696000190991640000e+15
1.696000191029026000e+15
1.696000191089726000e+15
1.696000191098064000e+15
1.696000191124693000e+15
1.696000191159940000e+15
1.696000191195174000e+15
1.696000191223800000e+15
1.696000191257142000e+15
1.696000191291080000e+15
1.696000191354833000e+15
1.696000191356875000e+15
1.696000191390481000e+15
1.696000191424330000e+15
1.696000191488494000e+15
1.696000191490356000e+15
1.696000191529511000e+15
1.696000191590930000e+15
1.696000191591612000e+15
1.696000191624411000e+15
1.696000191659146000e+15
1.696000191694178000e+15
1.696000191725694000e+15
1.696000191757794000e+15
1.696000191793951000e+15
1.696000191824363000e+15
1.696000191858173000e+15
1.696000191891214000e+15
1.696000191924722000e+15
1.696000191958101000e+15
1.696000191991368000e+15
1.696000192024533000e+15
1.696000192060279000e+15
1.696000192091375000e+15
1.696000192125544000e+15
1.696000192159898000e+15
1.696000192191382000e+15
1.696000192225551000e+15
1.696000192257954000e+15
1.696000192290913000e+15
1.696000192325424000e+15
1.696000192358586000e+15
1.696000192391854000e+15
1.696000192425066000e+15
1.696000192458723000e+15
1.696000192492290000e+15
1.696000192524728000e+15
1.696000192558020000e+15
1.696000192591601000e+15
1.696000192625796000e+15
1.696000192658168000e+15
1.696000192693010000e+15
1.696000192724976000e+15
1.696000192758002000e+15
1.696000192791410000e+15
1.696000192825066000e+15
1.696000192858206000e+15
1.696000192891516000e+15
1.696000192924965000e+15
1.696000192958128000e+15
1.696000192994817000e+15
1.696000193027559000e+15
1.696000193058455000e+15
1.696000193092408000e+15
1.696000193124503000e+15
1.696000193157327000e+15
1.696000193190900000e+15
1.696000193225328000e+15
1.696000193258571000e+15
1.696000193291265000e+15
1.696000193325262000e+15
1.696000193358203000e+15
1.696000193392305000e+15
1.696000193425540000e+15
1.696000193459705000e+15
1.696000193491098000e+15
1.696000193526241000e+15
1.696000193561643000e+15
1.696000193592860000e+15
1.696000193624989000e+15
1.696000193658406000e+15
1.696000193691551000e+15
1.696000193726532000e+15
1.696000193759106000e+15
1.696000193791559000e+15
1.696000193825485000e+15
1.696000193858250000e+15
1.696000193892140000e+15
1.696000193925866000e+15
1.696000193958225000e+15
1.696000193991202000e+15
1.696000194024930000e+15
1.696000194057988000e+15
1.696000194092358000e+15
1.696000194124663000e+15
1.696000194158243000e+15
1.696000194191991000e+15
1.696000194224837000e+15
1.696000194260560000e+15
1.696000194294942000e+15
1.696000194324830000e+15
1.696000194360220000e+15
1.696000194391782000e+15
1.696000194425891000e+15
1.696000194459077000e+15
1.696000194491744000e+15
1.696000194525085000e+15
1.696000194558777000e+15
1.696000194591355000e+15
1.696000194624996000e+15
1.696000194662348000e+15
1.696000194691894000e+15
1.696000194725066000e+15
1.696000194758188000e+15
1.696000194791419000e+15
1.696000194824827000e+15
1.696000194858842000e+15
1.696000194891704000e+15
1.696000194929294000e+15
1.696000194958170000e+15
1.696000194991807000e+15
1.696000195025078000e+15
1.696000195064864000e+15
1.696000195094263000e+15
1.696000195132153000e+15
1.696000195159540000e+15
1.696000195203559000e+15
1.696000195225590000e+15
1.696000195258145000e+15
1.696000195322148000e+15
1.696000195325535000e+15
1.696000195358123000e+15
1.696000195392137000e+15
1.696000195426125000e+15
1.696000195458552000e+15
1.696000195491621000e+15
1.696000195525340000e+15
1.696000195558377000e+15
1.696000195595515000e+15
1.696000195624600000e+15
1.696000195658269000e+15
1.696000195691689000e+15
1.696000195726935000e+15
1.696000195761878000e+15
1.696000195791217000e+15
1.696000195826397000e+15
1.696000195858708000e+15
1.696000195892171000e+15
1.696000195924554000e+15
1.696000195958751000e+15
1.696000195994012000e+15
1.696000196026822000e+15
1.696000196059781000e+15
1.696000196091124000e+15
1.696000196126666000e+15
1.696000196162619000e+15
1.696000196194159000e+15
1.696000196225318000e+15
1.696000196258629000e+15
1.696000196292255000e+15
1.696000196326078000e+15
1.696000196357737000e+15
1.696000196393968000e+15
1.696000196424829000e+15
1.696000196458814000e+15
1.696000196491336000e+15
1.696000196525407000e+15
1.696000196558156000e+15
1.696000196591365000e+15
1.696000196625029000e+15
1.696000196660376000e+15
1.696000196691395000e+15
1.696000196725310000e+15
1.696000196757913000e+15
1.696000196792469000e+15
1.696000196824592000e+15
1.696000196860174000e+15
1.696000196899674000e+15
1.696000196925056000e+15
1.696000196958780000e+15
1.696000196994111000e+15
1.696000197027046000e+15
1.696000197058416000e+15
1.696000197096115000e+15
1.696000197126969000e+15
1.696000197159810000e+15
1.696000197193139000e+15
1.696000197224641000e+15
1.696000197259565000e+15
1.696000197295166000e+15
1.696000197327013000e+15
1.696000197359710000e+15
1.696000197391715000e+15
1.696000197425591000e+15
1.696000197458286000e+15
1.696000197492260000e+15
1.696000197527039000e+15
1.696000197560398000e+15
1.696000197592014000e+15
1.696000197625036000e+15
1.696000197658840000e+15
1.696000197691153000e+15
1.696000197726675000e+15
1.696000197760338000e+15
1.696000197791094000e+15
1.696000197827843000e+15
1.696000197857845000e+15
1.696000197891656000e+15
1.696000197924898000e+15
1.696000197958640000e+15
1.696000197993414000e+15
1.696000198026164000e+15
1.696000198058095000e+15
1.696000198091712000e+15
1.696000198125774000e+15
1.696000198163291000e+15
1.696000198190862000e+15
1.696000198224475000e+15
1.696000198261940000e+15
1.696000198293803000e+15
1.696000198324710000e+15
1.696000198359392000e+15
1.696000198391298000e+15
1.696000198425668000e+15
1.696000198459703000e+15
1.696000198491430000e+15
1.696000198525510000e+15
1.696000198560564000e+15
1.696000198592678000e+15
1.696000198624559000e+15
1.696000198659420000e+15
1.696000198693309000e+15
1.696000198731007000e+15
1.696000198758863000e+15
1.696000198792961000e+15
1.696000198850073000e+15
1.696000198862654000e+15
1.696000198935342000e+15
1.696000198935514000e+15
1.696000198958884000e+15
1.696000198992661000e+15
1.696000199025655000e+15
1.696000199087657000e+15
1.696000199121406000e+15
1.696000199153735000e+15
1.696000199164029000e+15
1.696000199192746000e+15
1.696000199227570000e+15
1.696000199259269000e+15
1.696000199291650000e+15
1.696000199326016000e+15
1.696000199365492000e+15
1.696000199405041000e+15
1.696000199466714000e+15
1.696000199493587000e+15
1.696000199532779000e+15
1.696000199532931000e+15
1.696000199560785000e+15
1.696000199603112000e+15
1.696000199636582000e+15
1.696000199668040000e+15
1.696000199691613000e+15
1.696000199725082000e+15
1.696000199759434000e+15
1.696000199792965000e+15
1.696000199826227000e+15
1.696000199857326000e+15
1.696000199891517000e+15
1.696000199925705000e+15
1.696000199962942000e+15
1.696000199993823000e+15
1.696000200025998000e+15
1.696000200059617000e+15
1.696000200091194000e+15
1.696000200125998000e+15
1.696000200158957000e+15
1.696000200214899000e+15
1.696000200231837000e+15
1.696000200259007000e+15
1.696000200293159000e+15
1.696000200327009000e+15
1.696000200359857000e+15
1.696000200406331000e+15
1.696000200446379000e+15
1.696000200462506000e+15
1.696000200499831000e+15
1.696000200525329000e+15
1.696000200559074000e+15
1.696000200591609000e+15
1.696000200630835000e+15
1.696000200671685000e+15
1.696000200694250000e+15
1.696000200726311000e+15
1.696000200761756000e+15
1.696000200792649000e+15
1.696000200829935000e+15
1.696000200860269000e+15
1.696000200893274000e+15
1.696000200926687000e+15
1.696000200959026000e+15
1.696000200992223000e+15
1.696000201039973000e+15
1.696000201061185000e+15
1.696000201093184000e+15
1.696000201133989000e+15
1.696000201159404000e+15
1.696000201192349000e+15
1.696000201224831000e+15
1.696000201260612000e+15
1.696000201293051000e+15
1.696000201326053000e+15
1.696000201359256000e+15
1.696000201393859000e+15
1.696000201426530000e+15
1.696000201459375000e+15
1.696000201493959000e+15
1.696000201525802000e+15
1.696000201559472000e+15
1.696000201592317000e+15
1.696000201627155000e+15
1.696000201658501000e+15
1.696000201720434000e+15
1.696000201725491000e+15
1.696000201759321000e+15
1.696000201793147000e+15
1.696000201825537000e+15
1.696000201859622000e+15
1.696000201893911000e+15
1.696000201927199000e+15
1.696000201959747000e+15
1.696000201992843000e+15
1.696000202054135000e+15
1.696000202087560000e+15
1.696000202091596000e+15
1.696000202155416000e+15
1.696000202159773000e+15
1.696000202220905000e+15
1.696000202257394000e+15
1.696000202259013000e+15
1.696000202321265000e+15
1.696000202324080000e+15
1.696000202360992000e+15
1.696000202392691000e+15
1.696000202426245000e+15
1.696000202459842000e+15
1.696000202492475000e+15
1.696000202525150000e+15
1.696000202561635000e+15
1.696000202590989000e+15
1.696000202626991000e+15
1.696000202661124000e+15
1.696000202693119000e+15
1.696000202725395000e+15
1.696000202759147000e+15
1.696000202790722000e+15
1.696000202825628000e+15
1.696000202859589000e+15
1.696000202893298000e+15
1.696000202925593000e+15
1.696000202959367000e+15
1.696000202992296000e+15
1.696000203025710000e+15
1.696000203059129000e+15
1.696000203092872000e+15
1.696000203126445000e+15
1.696000203159350000e+15
1.696000203192369000e+15
1.696000203226376000e+15
1.696000203259320000e+15
1.696000203294440000e+15
1.696000203326547000e+15
1.696000203360549000e+15
1.696000203424146000e+15
1.696000203425954000e+15
1.696000203460394000e+15
1.696000203521225000e+15
1.696000203525102000e+15
1.696000203559576000e+15
1.696000203593933000e+15
1.696000203625936000e+15
1.696000203659238000e+15
1.696000203693575000e+15
1.696000203725836000e+15
1.696000203786929000e+15
1.696000203822180000e+15
1.696000203826565000e+15
1.696000203858781000e+15
1.696000203894186000e+15
1.696000203925682000e+15
1.696000203957593000e+15
1.696000203994328000e+15
1.696000204025596000e+15
1.696000204058886000e+15
1.696000204094064000e+15
1.696000204126770000e+15
1.696000204159082000e+15
1.696000204196942000e+15
1.696000204225978000e+15
1.696000204258980000e+15
1.696000204293089000e+15
1.696000204325895000e+15
1.696000204359040000e+15
1.696000204391186000e+15
1.696000204425565000e+15
1.696000204458820000e+15
1.696000204492418000e+15
1.696000204525856000e+15
1.696000204559387000e+15
1.696000204592570000e+15
1.696000204626506000e+15
1.696000204658569000e+15
1.696000204692499000e+15
1.696000204726601000e+15
1.696000204758517000e+15
1.696000204792311000e+15
1.696000204825981000e+15
1.696000204858825000e+15
1.696000204893894000e+15
1.696000204925733000e+15
1.696000204958991000e+15
1.696000204993409000e+15
1.696000205025123000e+15
1.696000205058366000e+15
1.696000205095553000e+15
1.696000205125682000e+15
1.696000205157544000e+15
1.696000205192871000e+15
1.696000205228059000e+15
1.696000205259089000e+15
1.696000205292594000e+15
1.696000205325274000e+15
1.696000205359399000e+15
1.696000205392732000e+15
1.696000205425884000e+15
1.696000205459272000e+15
1.696000205492632000e+15
1.696000205525195000e+15
1.696000205558967000e+15
1.696000205595700000e+15
1.696000205626524000e+15
1.696000205659413000e+15
1.696000205692876000e+15
1.696000205725462000e+15
1.696000205765216000e+15
1.696000205792169000e+15
1.696000205824374000e+15
1.696000205860327000e+15
1.696000205892676000e+15
1.696000205925657000e+15
1.696000205958763000e+15
1.696000205991734000e+15
1.696000206026287000e+15
1.696000206057705000e+15
1.696000206092569000e+15
1.696000206125820000e+15
1.696000206159038000e+15
1.696000206191794000e+15
1.696000206225551000e+15
1.696000206258619000e+15
1.696000206292609000e+15
1.696000206326575000e+15
1.696000206358956000e+15
1.696000206392469000e+15
1.696000206425977000e+15
1.696000206459163000e+15
1.696000206492466000e+15
1.696000206525749000e+15
1.696000206559415000e+15
1.696000206592592000e+15
1.696000206625739000e+15
1.696000206659870000e+15
1.696000206692428000e+15
1.696000206724947000e+15
1.696000206761861000e+15
1.696000206792802000e+15
1.696000206826709000e+15
1.696000206862386000e+15
1.696000206892670000e+15
1.696000206925420000e+15
1.696000206957905000e+15
1.696000206993410000e+15
1.696000207026251000e+15
1.696000207059572000e+15
1.696000207093530000e+15
1.696000207125645000e+15
1.696000207159336000e+15
1.696000207193332000e+15
1.696000207248352000e+15
1.696000207258956000e+15
1.696000207292365000e+15
1.696000207325193000e+15
1.696000207358329000e+15
1.696000207402619000e+15
1.696000207425964000e+15
1.696000207459803000e+15
1.696000207512973000e+15
1.696000207525825000e+15
1.696000207559070000e+15
1.696000207591854000e+15
1.696000207626025000e+15
1.696000207659025000e+15
1.696000207692979000e+15
1.696000207725869000e+15
1.696000207759651000e+15
1.696000207792210000e+15
1.696000207825825000e+15
1.696000207858611000e+15
1.696000207891561000e+15
1.696000207926115000e+15
1.696000207958609000e+15
1.696000207991994000e+15
1.696000208026060000e+15
1.696000208058843000e+15
1.696000208091868000e+15
1.696000208126352000e+15
1.696000208158625000e+15
1.696000208192825000e+15
1.696000208226134000e+15
1.696000208258759000e+15
1.696000208294348000e+15
1.696000208327249000e+15
1.696000208359952000e+15
1.696000208392370000e+15
1.696000208427015000e+15
1.696000208461776000e+15
1.696000208492199000e+15
1.696000208525486000e+15
1.696000208558775000e+15
1.696000208592987000e+15
1.696000208627917000e+15
1.696000208658639000e+15
1.696000208692013000e+15
1.696000208725322000e+15
1.696000208758678000e+15
1.696000208791743000e+15
1.696000208826998000e+15
1.696000208860270000e+15
1.696000208892501000e+15
1.696000208936117000e+15
1.696000208959410000e+15
1.696000208992824000e+15
1.696000209025174000e+15
1.696000209066702000e+15
1.696000209093014000e+15
1.696000209125188000e+15
1.696000209158645000e+15
1.696000209193444000e+15
1.696000209225597000e+15
1.696000209258453000e+15
1.696000209292376000e+15
1.696000209325764000e+15
1.696000209358926000e+15
1.696000209392328000e+15
1.696000209425494000e+15
1.696000209458671000e+15
1.696000209492962000e+15
1.696000209527200000e+15
1.696000209559073000e+15
1.696000209592123000e+15
1.696000209625599000e+15
1.696000209659275000e+15
1.696000209692269000e+15
1.696000209725852000e+15
1.696000209758575000e+15
1.696000209792677000e+15
1.696000209825496000e+15
1.696000209859009000e+15
1.696000209892037000e+15
1.696000209925141000e+15
1.696000209959302000e+15
1.696000209992933000e+15
1.696000210025952000e+15
1.696000210058450000e+15
1.696000210093467000e+15
1.696000210127080000e+15
1.696000210159863000e+15
1.696000210193137000e+15
1.696000210226593000e+15
1.696000210258688000e+15
1.696000210292164000e+15
1.696000210327706000e+15
1.696000210359975000e+15
1.696000210393356000e+15
1.696000210425292000e+15
1.696000210458806000e+15
1.696000210492735000e+15
1.696000210525850000e+15
1.696000210560132000e+15
1.696000210592292000e+15
1.696000210626405000e+15
1.696000210659216000e+15
1.696000210691798000e+15
1.696000210725472000e+15
1.696000210759545000e+15
1.696000210793162000e+15
1.696000210825811000e+15
1.696000210859159000e+15
1.696000210891946000e+15
1.696000210926598000e+15
1.696000210958765000e+15
1.696000210992937000e+15
1.696000211025582000e+15
1.696000211059944000e+15
1.696000211092330000e+15
1.696000211125674000e+15
1.696000211159587000e+15
1.696000211192696000e+15
1.696000211225848000e+15
1.696000211259142000e+15
1.696000211292238000e+15
1.696000211326719000e+15
1.696000211360662000e+15
1.696000211392264000e+15
1.696000211426052000e+15
1.696000211460345000e+15
1.696000211492323000e+15
1.696000211525988000e+15
1.696000211563876000e+15
1.696000211593314000e+15
1.696000211625774000e+15
1.696000211659561000e+15
1.696000211692929000e+15
1.696000211726821000e+15
1.696000211759422000e+15
1.696000211792188000e+15
1.696000211825726000e+15
1.696000211859218000e+15
1.696000211893428000e+15
1.696000211927546000e+15
1.696000211959230000e+15
1.696000211992734000e+15
1.696000212025496000e+15
1.696000212059016000e+15
1.696000212098664000e+15
1.696000212127714000e+15
1.696000212160416000e+15
1.696000212193074000e+15
1.696000212225220000e+15
1.696000212259606000e+15
1.696000212292884000e+15
1.696000212325724000e+15
1.696000212360174000e+15
1.696000212393232000e+15
1.696000212425978000e+15
1.696000212459714000e+15
1.696000212494112000e+15
1.696000212525618000e+15
1.696000212558954000e+15
1.696000212593127000e+15
1.696000212627511000e+15
1.696000212659244000e+15
1.696000212693707000e+15
1.696000212725880000e+15
1.696000212758759000e+15
1.696000212794984000e+15
1.696000212826243000e+15
1.696000212859725000e+15
1.696000212893398000e+15
1.696000212928142000e+15
