1.003499776124954224e-01
1.002179682254791260e-01
1.007799804210662842e-01
1.006675809621810913e-01
1.004206091165542603e-01
1.003033593297004700e-01
1.004875227808952332e-01
1.006968468427658081e-01
1.006190553307533264e-01
1.003469526767730713e-01
1.004858985543251038e-01
1.007474660873413086e-01
1.007641851902008057e-01
1.002833396196365356e-01
1.004169210791587830e-01
1.004484817385673523e-01
1.005548536777496338e-01
1.003989502787590027e-01
1.003592610359191895e-01
1.004623249173164368e-01
1.005789414048194885e-01
1.006523966789245605e-01
1.002071797847747803e-01
1.003525108098983765e-01
1.005985513329505920e-01
1.006787940859794617e-01
1.003760769963264465e-01
1.002951636910438538e-01
1.004635840654373169e-01
1.008086502552032471e-01
1.007960587739944458e-01
1.005334332585334778e-01
1.003632172942161560e-01
1.006004884839057922e-01
1.005358546972274780e-01
1.003642082214355469e-01
1.002152711153030396e-01
1.004426330327987671e-01
1.006454750895500183e-01
1.006826013326644897e-01
1.002374067902565002e-01
1.005302518606185913e-01
1.004619523882865906e-01
1.008549854159355164e-01
1.002484038472175598e-01
1.002239957451820374e-01
1.004723533987998962e-01
1.004272773861885071e-01
1.004278063774108887e-01
1.003136113286018372e-01
1.003773659467697144e-01
1.004544943571090698e-01
1.008186042308807373e-01
1.003273800015449524e-01
1.001525297760963440e-01
1.004965081810951233e-01
1.007693558931350708e-01
1.003853008151054382e-01
1.002251803874969482e-01
1.004023924469947815e-01
1.006999835371971130e-01
1.005783081054687500e-01
1.002417728304862976e-01
1.002306863665580750e-01
1.007334366440773010e-01
1.008112132549285889e-01
1.003696098923683167e-01
1.003696620464324951e-01
1.006155312061309814e-01
1.005563512444496155e-01
1.007270440459251404e-01
1.002663895487785339e-01
1.003472432494163513e-01
1.008953452110290527e-01
1.007635295391082764e-01
1.003920063376426697e-01
1.003770977258682251e-01
1.005227565765380859e-01
1.007658466696739197e-01
1.005908995866775513e-01
1.002575382590293884e-01
1.004238650202751160e-01
1.007195934653282166e-01
1.008769124746322632e-01
1.002300828695297241e-01
1.005065068602561951e-01
1.008240059018135071e-01
1.005520001053810120e-01
1.005568131804466248e-01
1.002639904618263245e-01
1.004396602511405945e-01
1.006482467055320740e-01
1.006663590669631958e-01
1.001473963260650635e-01
1.005784198641777039e-01
1.005733311176300049e-01
1.005929931998252869e-01
1.003314107656478882e-01
1.002134680747985840e-01
1.003998965024948120e-01
1.005891636013984680e-01
1.009748578071594238e-01
1.002893298864364624e-01
1.003218814730644226e-01
9.923168271780014038e-02
1.005133986473083496e-01
1.009031161665916443e-01
1.013596132397651672e-01
1.036168560385704041e-01
1.054346486926078796e-01
1.022469028830528259e-01
1.020219251513481140e-01
1.005501374602317810e-01
9.777127951383590698e-02
9.640494734048843384e-02
9.577559679746627808e-02
9.910522401332855225e-02
9.745363146066665649e-02
9.694753587245941162e-02
9.309343993663787842e-02
9.082210063934326172e-02
9.116224199533462524e-02
9.075480699539184570e-02
8.754377812147140503e-02
8.046021312475204468e-02
7.579208165407180786e-02
7.536534219980239868e-02
7.627256959676742554e-02
7.339852303266525269e-02
7.361236214637756348e-02
7.175647467374801636e-02
7.063041627407073975e-02
6.486175209283828735e-02
6.139640510082244873e-02
5.995833501219749451e-02
5.975225195288658142e-02
5.933115631341934204e-02
5.798237398266792297e-02
5.511901900172233582e-02
5.449854582548141479e-02
5.327201634645462036e-02
5.564768984913825989e-02
5.795142054557800293e-02
5.781237035989761353e-02
5.808747187256813049e-02
5.838188529014587402e-02
5.898107960820198059e-02
5.871915072202682495e-02
5.880672857165336609e-02
5.889439210295677185e-02
5.875885114073753357e-02
5.824844539165496826e-02
5.856059119105339050e-02
5.870899930596351624e-02
5.825200304388999939e-02
5.845041573047637939e-02
5.695591866970062256e-02
5.759188532829284668e-02
5.795706436038017273e-02
5.878134816884994507e-02
5.920904874801635742e-02
5.944858118891716003e-02
6.046266481280326843e-02
6.040105596184730530e-02
6.062496080994606018e-02
6.161564216017723083e-02
6.095718219876289368e-02
5.938281491398811340e-02
5.383444577455520630e-02
5.084126070141792297e-02
4.672145098447799683e-02
4.526402056217193604e-02
4.042052477598190308e-02
3.955770656466484070e-02
3.543922677636146545e-02
3.302537277340888977e-02
3.024597652256488800e-02
2.403442561626434326e-02
1.874301396310329437e-02
1.283735409379005432e-02
8.494170382618904114e-03
5.212275777012109756e-03
2.372598741203546524e-03
-2.471774350851774216e-03
-6.249086465686559677e-03
-1.048819907009601593e-02
-1.336718350648880005e-02
-1.628667488694190979e-02
-2.113634720444679260e-02
-2.532662451267242432e-02
-2.955804765224456787e-02
-3.374113515019416809e-02
-3.867443278431892395e-02
-4.480882734060287476e-02
-5.063563957810401917e-02
-5.390460044145584106e-02
-5.717791989445686340e-02
-6.162097677588462830e-02
-6.381436437368392944e-02
-6.773159652948379517e-02
-7.278698682785034180e-02
-7.776373624801635742e-02
-7.923845946788787842e-02
-8.363635838031768799e-02
-8.738008141517639160e-02
-9.191410243511199951e-02
-9.640096873044967651e-02
-9.998793154954910278e-02
-1.059074029326438904e-01
-1.095113977789878845e-01
-1.150365918874740601e-01
-1.186786442995071411e-01
-1.245504245162010193e-01
-1.256489902734756470e-01
-1.284069418907165527e-01
-1.337003260850906372e-01
-1.367997974157333374e-01
-1.383191049098968506e-01
-1.408322155475616455e-01
-1.432063281536102295e-01
-1.477319896221160889e-01
-1.537009030580520630e-01
-1.556980609893798828e-01
-1.584482192993164062e-01
-1.632598191499710083e-01
-1.659087091684341431e-01
-1.723130047321319580e-01
-1.748732775449752808e-01
-1.769200265407562256e-01
-1.806067079305648804e-01
-1.871658265590667725e-01
-1.912966817617416382e-01
-1.966406702995300293e-01
-2.001384049654006958e-01
-2.044824510812759399e-01
-2.071574926376342773e-01
-2.078588157892227173e-01
-2.117341458797454834e-01
-2.138201147317886353e-01
-2.197324037551879883e-01
-2.226599156856536865e-01
-2.266324311494827271e-01
-2.261834740638732910e-01
-2.274812906980514526e-01
-2.284936755895614624e-01
-2.269959896802902222e-01
-2.268023341894149780e-01
-2.233478873968124390e-01
-2.237889319658279419e-01
-2.233725339174270630e-01
-2.231390476226806641e-01
-2.220756113529205322e-01
-2.222399115562438965e-01
-2.221193313598632812e-01
-2.219565510749816895e-01
-2.216998189687728882e-01
-2.218668162822723389e-01
-2.222657650709152222e-01
-2.219134718179702759e-01
-2.214794605970382690e-01
-2.213900387287139893e-01
-2.219046354293823242e-01
-2.219432741403579712e-01
-2.214116901159286499e-01
-2.214106321334838867e-01
-2.220310866832733154e-01
-2.221720963716506958e-01
-2.217123508453369141e-01
-2.216914296150207520e-01
-2.221258133649826050e-01
-2.217413783073425293e-01
-2.219778597354888916e-01
-2.218719869852066040e-01
-2.219798266887664795e-01
-2.222210615873336792e-01
-2.218320816755294800e-01
-2.216755598783493042e-01
-2.217766195535659790e-01
-2.221915870904922485e-01
-2.216511815786361694e-01
-2.218581885099411011e-01
-2.213950306177139282e-01
-2.216995656490325928e-01
-2.219142317771911621e-01
-2.220679074525833130e-01
-2.218788117170333862e-01
-2.217673510313034058e-01
-2.220430970191955566e-01
-2.216824442148208618e-01
-2.220058590173721313e-01
-2.217199802398681641e-01
-2.220081239938735962e-01
-2.219671458005905151e-01
-2.217358052730560303e-01
-2.213289886713027954e-01
-2.217746824026107788e-01
-2.222779691219329834e-01
-2.214493751525878906e-01
-2.215919345617294312e-01
-2.218956202268600464e-01
-2.219007760286331177e-01
-2.221372127532958984e-01
-2.218418717384338379e-01
-2.218713462352752686e-01
-2.216311395168304443e-01
-2.219592183828353882e-01
-2.217827439308166504e-01
-2.218249887228012085e-01
-2.219415158033370972e-01
-2.222748994827270508e-01
-2.216768413782119751e-01
-2.218383103609085083e-01
-2.215607166290283203e-01
-2.219522744417190552e-01
-2.218449711799621582e-01
-2.217184454202651978e-01
-2.216018140316009521e-01
-2.157125025987625122e-01
-1.802847385406494141e-01
-1.416271328926086426e-01
-1.148825287818908691e-01
-9.211435914039611816e-02
-7.521324604749679565e-02
-5.271578580141067505e-02
-2.616951242089271545e-02
3.661444177851080894e-03
3.570900484919548035e-02
6.821191310882568359e-02
1.005454510450363159e-01
1.341466307640075684e-01
1.677309274673461914e-01
1.937623322010040283e-01
2.203156948089599609e-01
2.489787787199020386e-01
2.689920365810394287e-01
2.675935029983520508e-01
2.673394680023193359e-01
2.677235603332519531e-01
2.676519155502319336e-01
2.675069272518157959e-01
2.673086822032928467e-01
2.676421999931335449e-01
2.676188945770263672e-01
2.675885856151580811e-01
2.673352360725402832e-01
2.674058079719543457e-01
2.676876485347747803e-01
2.676816582679748535e-01
2.675453126430511475e-01
2.673382163047790527e-01
2.676157653331756592e-01
2.676959335803985596e-01
2.675886452198028564e-01
2.673502266407012939e-01
2.675572335720062256e-01
2.676562964916229248e-01
2.676856219768524170e-01
2.674177885055541992e-01
2.673588693141937256e-01
2.676144540309906006e-01
2.676663398742675781e-01
2.675135433673858643e-01
2.672922313213348389e-01
2.674089968204498291e-01
2.675347924232482910e-01
2.675889134407043457e-01
2.674852311611175537e-01
2.673772871494293213e-01
2.675585448741912842e-01
2.675779759883880615e-01
2.675662040710449219e-01
2.672042548656463623e-01
2.674038112163543701e-01
2.677093148231506348e-01
2.677312195301055908e-01
2.674672007560729980e-01
2.674566805362701416e-01
2.676105201244354248e-01
2.676571905612945557e-01
2.669772207736968994e-01
2.668111920356750488e-01
2.695586681365966797e-01
2.724684476852416992e-01
2.714679837226867676e-01
2.707159817218780518e-01
2.666689753532409668e-01
2.649438381195068359e-01
2.635118365287780762e-01
2.608357667922973633e-01
2.579301893711090088e-01
2.568549811840057373e-01
2.534418702125549316e-01
2.485798448324203491e-01
2.475287467241287231e-01
2.495956122875213623e-01
2.498696893453598022e-01
2.454379200935363770e-01
2.392425686120986938e-01
2.370683997869491577e-01
2.358876913785934448e-01
2.323620021343231201e-01
2.305351495742797852e-01
2.278331816196441650e-01
2.267015129327774048e-01
2.268554270267486572e-01
2.239639610052108765e-01
2.206409424543380737e-01
2.199776023626327515e-01
2.160389572381973267e-01
2.125706076622009277e-01
2.086317539215087891e-01
2.086849957704544067e-01
2.078090161085128784e-01
2.055153399705886841e-01
2.055998295545578003e-01
2.012306004762649536e-01
1.998025029897689819e-01
1.994551271200180054e-01
1.957198977470397949e-01
1.965340673923492432e-01
1.949940621852874756e-01
1.938657164573669434e-01
1.912925690412521362e-01
1.890429258346557617e-01
1.838642656803131104e-01
1.821473836898803711e-01
1.793809980154037476e-01
1.758753955364227295e-01
1.746865212917327881e-01
1.732137352228164673e-01
1.717914193868637085e-01
1.696092039346694946e-01
1.679272651672363281e-01
1.655873060226440430e-01
1.596229374408721924e-01
1.584208905696868896e-01
1.534801423549652100e-01
1.507739871740341187e-01
1.470166146755218506e-01
1.442942917346954346e-01
1.433555334806442261e-01
1.418184190988540649e-01
1.373311430215835571e-01
1.316394209861755371e-01
1.278976052999496460e-01
1.255687028169631958e-01
1.202990785241127014e-01
1.176952347159385681e-01
1.124622076749801636e-01
1.070709452033042908e-01
1.033454164862632751e-01
1.037668660283088684e-01
1.016373857855796814e-01
9.676232188940048218e-02
9.050229936838150024e-02
8.763747662305831909e-02
8.507840335369110107e-02
8.222570270299911499e-02
8.306602388620376587e-02
8.021172881126403809e-02
7.702147215604782104e-02
7.139994204044342041e-02
6.755994260311126709e-02
6.277497857809066772e-02
6.071332097053527832e-02
5.661789700388908386e-02
5.480821430683135986e-02
5.279316380620002747e-02
4.930210486054420471e-02
4.549444466829299927e-02
4.183167964220046997e-02
3.837797790765762329e-02
3.636430948972702026e-02
3.370153903961181641e-02
3.380148485302925110e-02
3.001444786787033081e-02
2.772872149944305420e-02
2.525881864130496979e-02
2.317097783088684082e-02
2.188659831881523132e-02
2.073116973042488098e-02
2.360250242054462433e-02
2.126268669962882996e-02
1.270023360848426819e-02
7.573029492050409317e-03
2.775541797745972872e-04
-6.314171943813562393e-03
-9.691419079899787903e-03
-5.316461902111768723e-03
-5.567487794905900955e-03
-6.693971808999776840e-03
-1.070000603795051575e-02
-1.104808226227760315e-02
-1.385582704097032547e-02
-1.686275564134120941e-02
-2.124232798814773560e-02
-2.571403607726097107e-02
-2.925132960081100464e-02
-3.196606040000915527e-02
-3.583493828773498535e-02
-3.748688474297523499e-02
-3.835047408938407898e-02
-4.114816337823867798e-02
-4.490840435028076172e-02
-4.789853841066360474e-02
-5.072423443198204041e-02
-5.363874882459640503e-02
-5.276488512754440308e-02
-5.564724653959274292e-02
-6.233786791563034058e-02
-6.918115168809890747e-02
-7.069408148527145386e-02
-7.811864465475082397e-02
-8.214890211820602417e-02
-8.710876107215881348e-02
-9.253324568271636963e-02
-9.384140372276306152e-02
-9.880629926919937134e-02
-9.951272606849670410e-02
-1.035969778895378113e-01
-1.082564741373062134e-01
-1.142224967479705811e-01
-1.161856651306152344e-01
-1.201847791671752930e-01
-1.240353211760520935e-01
-1.279365122318267822e-01
-1.299470365047454834e-01
-1.363009214401245117e-01
-1.392775177955627441e-01
-1.430520713329315186e-01
-1.476622521877288818e-01
-1.498657315969467163e-01
-1.488623470067977905e-01
-1.487720161676406860e-01
-1.561094820499420166e-01
-1.619444638490676880e-01
-1.656841635704040527e-01
-1.691086888313293457e-01
-1.743713766336441040e-01
-1.778096705675125122e-01
-1.824022829532623291e-01
-1.857978403568267822e-01
-1.897668391466140747e-01
-1.935590058565139771e-01
-1.973882466554641724e-01
-1.977294534444808960e-01
-2.006644159555435181e-01
-2.023980766534805298e-01
-2.061762809753417969e-01
-2.112774997949600220e-01
-2.156212031841278076e-01
-2.177571803331375122e-01
-2.215542346239089966e-01
-2.274894118309020996e-01
-2.332422584295272827e-01
-2.386127710342407227e-01
-2.415100336074829102e-01
-2.485041469335556030e-01
-2.527068853378295898e-01
-2.581718266010284424e-01
-2.601938843727111816e-01
-2.652211785316467285e-01
-2.708195447921752930e-01
-2.752104103565216064e-01
-2.802410125732421875e-01
-2.810934484004974365e-01
-2.857432365417480469e-01
-2.882462739944458008e-01
-2.957789599895477295e-01
-2.996435761451721191e-01
-3.051292896270751953e-01
-3.121792972087860107e-01
-3.147707283496856689e-01
-3.163052499294281006e-01
-3.200155198574066162e-01
-3.252401053905487061e-01
-3.273475766181945801e-01
-3.314198553562164307e-01
-3.353443145751953125e-01
-3.382645249366760254e-01
-3.420480489730834961e-01
-3.442672789096832275e-01
-3.455641567707061768e-01
-3.479806780815124512e-01
-3.518350720405578613e-01
-3.545442223548889160e-01
-3.567523062229156494e-01
-3.578698337078094482e-01
-3.625002205371856689e-01
-3.674363791942596436e-01
-3.720353841781616211e-01
-3.718926012516021729e-01
-3.786349892616271973e-01
-3.835998773574829102e-01
-3.862757980823516846e-01
-3.887095749378204346e-01
-3.900792598724365234e-01
-3.898610174655914307e-01
-3.924290537834167480e-01
-3.973780274391174316e-01
-4.019667208194732666e-01
-4.077755808830261230e-01
-4.108715653419494629e-01
-4.133669435977935791e-01
-4.156306684017181396e-01
-4.196426570415496826e-01
-4.233549833297729492e-01
-4.253971278667449951e-01
-4.288904964923858643e-01
-4.331591725349426270e-01
-4.359011650085449219e-01
-4.408781826496124268e-01
-4.455257356166839600e-01
-4.470168948173522949e-01
-4.526427686214447021e-01
-4.558160305023193359e-01
-4.576750099658966064e-01
-4.597378969192504883e-01
-4.631880819797515869e-01
-4.653360247611999512e-01
-4.713873565196990967e-01
-4.753002524375915527e-01
-4.771111607551574707e-01
-4.792707562446594238e-01
-4.850877225399017334e-01
-4.880530536174774170e-01
-4.886543452739715576e-01
-4.935654103755950928e-01
-4.946238696575164795e-01
-4.971890449523925781e-01
-5.007321834564208984e-01
-5.038606524467468262e-01
-5.062724947929382324e-01
-5.108149051666259766e-01
-5.164333581924438477e-01
-5.177650451660156250e-01
-5.215012431144714355e-01
-5.225223302841186523e-01
-5.243689417839050293e-01
-5.262154936790466309e-01
-5.311790704727172852e-01
-5.316254496574401855e-01
-5.368412733078002930e-01
-5.450960993766784668e-01
-5.485170483589172363e-01
-5.518202185630798340e-01
-5.539237260818481445e-01
-5.537467598915100098e-01
-5.538247227668762207e-01
-5.530579686164855957e-01
-5.567703247070312500e-01
-5.575968027114868164e-01
-5.565094947814941406e-01
-5.562822222709655762e-01
-5.566456317901611328e-01
-5.562866926193237305e-01
-5.561572909355163574e-01
-5.566625595092773438e-01
-5.567969679832458496e-01
-5.565832853317260742e-01
-5.564233660697937012e-01
-5.565406084060668945e-01
-5.568016767501831055e-01
-5.566632151603698730e-01
-5.562924742698669434e-01
-5.565031766891479492e-01
-5.566920638084411621e-01
-5.568963885307312012e-01
-5.564660429954528809e-01
-5.562304854393005371e-01
-5.563936233520507812e-01
-5.566844344139099121e-01
-5.566961765289306641e-01
-5.563324093818664551e-01
-5.563120245933532715e-01
-5.568417906761169434e-01
-5.568172931671142578e-01
-5.564270019531250000e-01
-5.558402538299560547e-01
-5.565600395202636719e-01
-5.567932128906250000e-01
-5.564666986465454102e-01
-5.560396313667297363e-01
-5.562961101531982422e-01
-5.567016005516052246e-01
-5.567490458488464355e-01
-5.558415055274963379e-01
-5.561900734901428223e-01
-5.567479729652404785e-01
-5.568106174468994141e-01
-5.564732551574707031e-01
-5.561983585357666016e-01
-5.564331412315368652e-01
-5.566947460174560547e-01
-5.566761493682861328e-01
-5.563566684722900391e-01
-5.564120411872863770e-01
-5.567167401313781738e-01
-5.570119023323059082e-01
-5.563838481903076172e-01
-5.563025474548339844e-01
-5.566260814666748047e-01
-5.567719340324401855e-01
-5.566824078559875488e-01
-5.561494827270507812e-01
-5.564686059951782227e-01
-5.567705035209655762e-01
-5.566455721855163574e-01
-5.565451979637145996e-01
-5.563081502914428711e-01
-5.564863681793212891e-01
-5.567485094070434570e-01
-5.564003586769104004e-01
-5.563018918037414551e-01
-5.565365552902221680e-01
-5.567584633827209473e-01
-5.568050146102905273e-01
-5.564786195755004883e-01
-5.561703443527221680e-01
-5.567690730094909668e-01
-5.566241741180419922e-01
-5.563801527023315430e-01
-5.563269257545471191e-01
-5.564987063407897949e-01
-5.570251345634460449e-01
-5.566173791885375977e-01
-5.563749670982360840e-01
-5.563437938690185547e-01
-5.567067265510559082e-01
-5.596834421157836914e-01
-5.838173627853393555e-01
-6.183455586433410645e-01
-6.571204662322998047e-01
-6.943275332450866699e-01
-7.361806035041809082e-01
-7.677026391029357910e-01
-8.090354800224304199e-01
-8.455522060394287109e-01
-8.821780681610107422e-01
-9.180135726928710938e-01
-9.612707495689392090e-01
-9.913610219955444336e-01
-1.026153922080993652e+00
-1.055210113525390625e+00
-1.087457895278930664e+00
-1.123086452484130859e+00
-1.168765544891357422e+00
-1.202661633491516113e+00
-1.236976861953735352e+00
-1.270307421684265137e+00
-1.308122158050537109e+00
-1.342722654342651367e+00
-1.377006530761718750e+00
-1.411258101463317871e+00
-1.447809457778930664e+00
-1.483480930328369141e+00
-1.520691514015197754e+00
-1.551325559616088867e+00
-1.563990712165832520e+00
-1.557357668876647949e+00
-1.557675719261169434e+00
-1.557259917259216309e+00
-1.559758782386779785e+00
-1.561466097831726074e+00
-1.562382578849792480e+00
-1.561411261558532715e+00
-1.556595206260681152e+00
-1.560632109642028809e+00
-1.562204480171203613e+00
-1.557713270187377930e+00
-1.557093858718872070e+00
-1.556949973106384277e+00
-1.558191061019897461e+00
-1.558034896850585938e+00
-1.562334060668945312e+00
-1.556470870971679688e+00
-1.557894825935363770e+00
-1.558465123176574707e+00
-1.557819604873657227e+00
-1.556772232055664062e+00
-1.561284422874450684e+00
-1.558387875556945801e+00
-1.557648301124572754e+00
-1.557300329208374023e+00
-1.556620836257934570e+00
-1.561580896377563477e+00
-1.558374643325805664e+00
-1.557654142379760742e+00
-1.556728482246398926e+00
-1.560558676719665527e+00
-1.562939643859863281e+00
-1.557762145996093750e+00
-1.561516523361206055e+00
-1.556834459304809570e+00
-1.558248877525329590e+00
-1.563149452209472656e+00
-1.557277560234069824e+00
-1.556641459465026855e+00
-1.560879349708557129e+00
-1.562368631362915039e+00
-1.561498403549194336e+00
-1.556840300559997559e+00
-1.557070255279541016e+00
-1.561623096466064453e+00
-1.561888098716735840e+00
-1.557109713554382324e+00
-1.556560516357421875e+00
-1.561260461807250977e+00
-1.558459639549255371e+00
-1.557655215263366699e+00
-1.556832790374755859e+00
-1.560452818870544434e+00
-1.558197021484375000e+00
-1.557793736457824707e+00
-1.561241984367370605e+00
-1.556895613670349121e+00
-1.558134913444519043e+00
-1.563634514808654785e+00
-1.557712435722351074e+00
-1.556647777557373047e+00
-1.560550332069396973e+00
-1.562927484512329102e+00
-1.561580538749694824e+00
-1.556792140007019043e+00
-1.559545993804931641e+00
-1.561751484870910645e+00
-1.558073401451110840e+00
-1.557357549667358398e+00
-1.559961438179016113e+00
-1.557872891426086426e+00
-1.558495998382568359e+00
-1.561602592468261719e+00
-1.556689262390136719e+00
-1.557219862937927246e+00
-1.558237552642822266e+00
-1.557953000068664551e+00
-1.557265400886535645e+00
-1.556856036186218262e+00
-1.558158993721008301e+00
-1.562717080116271973e+00
-1.557675719261169434e+00
-1.556779265403747559e+00
-1.557410597801208496e+00
-1.558304905891418457e+00
-1.557863235473632812e+00
-1.556999683380126953e+00
-1.557018637657165527e+00
-1.561462283134460449e+00
-1.558263301849365234e+00
-1.557428002357482910e+00
-1.560698747634887695e+00
-1.560894489288330078e+00
-1.558639287948608398e+00
-1.557847619056701660e+00
-1.556971549987792969e+00
-1.560007095336914062e+00
-1.562556385993957520e+00
-1.557938933372497559e+00
-1.557255268096923828e+00
-1.556891918182373047e+00
-1.561155080795288086e+00
-1.558361411094665527e+00
-1.557593345642089844e+00
-1.556692600250244141e+00
-1.558870315551757812e+00
-1.566073179244995117e+00
-1.572193145751953125e+00
-1.567372679710388184e+00
-1.574198603630065918e+00
-1.579192757606506348e+00
-1.583083510398864746e+00
-1.585983514785766602e+00
-1.589204072952270508e+00
-1.592537522315979004e+00
-1.595684885978698730e+00
-1.597553014755249023e+00
-1.599806427955627441e+00
-1.602453470230102539e+00
-1.605402588844299316e+00
-1.606069803237915039e+00
-1.607116580009460449e+00
-1.610007166862487793e+00
-1.610706210136413574e+00
-1.611881375312805176e+00
-1.613304138183593750e+00
-1.616932392120361328e+00
-1.622061729431152344e+00
-1.622273564338684082e+00
-1.620522618293762207e+00
-1.622693300247192383e+00
-1.622582793235778809e+00
-1.625903010368347168e+00
-1.628352046012878418e+00
-1.628618240356445312e+00
-1.630714178085327148e+00
-1.633424282073974609e+00
-1.635333418846130371e+00
-1.635502934455871582e+00
-1.639035463333129883e+00
-1.640816092491149902e+00
-1.642861843109130859e+00
-1.640752673149108887e+00
-1.643013596534729004e+00
-1.645958662033081055e+00
-1.648577451705932617e+00
-1.647774815559387207e+00
-1.650473594665527344e+00
-1.653891801834106445e+00
-1.654635429382324219e+00
-1.658021092414855957e+00
-1.658216476440429688e+00
-1.660519242286682129e+00
-1.663128972053527832e+00
-1.665651321411132812e+00
-1.667388558387756348e+00
-1.669744014739990234e+00
-1.670752763748168945e+00
-1.672590613365173340e+00
-1.674330234527587891e+00
-1.675962567329406738e+00
-1.676993250846862793e+00
-1.681972265243530273e+00
-1.684644222259521484e+00
-1.687545299530029297e+00
-1.690058946609497070e+00
-1.691692471504211426e+00
-1.693930149078369141e+00
-1.695483803749084473e+00
-1.696896791458129883e+00
-1.701482534408569336e+00
-1.706280112266540527e+00
-1.713206887245178223e+00
-1.713933944702148438e+00
-1.712947487831115723e+00
-1.712385296821594238e+00
-1.714745044708251953e+00
-1.715222358703613281e+00
-1.717231988906860352e+00
-1.719768643379211426e+00
-1.725248932838439941e+00
-1.731463789939880371e+00
-1.733593463897705078e+00
-1.733469247817993164e+00
-1.734416961669921875e+00
-1.736180663108825684e+00
-1.736420154571533203e+00
-1.738953590393066406e+00
-1.740357279777526855e+00
-1.739875316619873047e+00
-1.743466258049011230e+00
-1.746210813522338867e+00
-1.750525236129760742e+00
-1.757737040519714355e+00
-1.759478330612182617e+00
-1.763040423393249512e+00
-1.763297200202941895e+00
-1.763585925102233887e+00
-1.766503810882568359e+00
-1.768142819404602051e+00
-1.768666863441467285e+00
-1.770145535469055176e+00
-1.768880605697631836e+00
-1.771387696266174316e+00
-1.774981379508972168e+00
-1.775706291198730469e+00
-1.778550267219543457e+00
-1.782167315483093262e+00
-1.785255551338195801e+00
-1.788863539695739746e+00
-1.786929607391357422e+00
-1.787702798843383789e+00
-1.787920594215393066e+00
-1.787853956222534180e+00
-1.787690520286560059e+00
-1.787977457046508789e+00
-1.787904262542724609e+00
-1.787651658058166504e+00
-1.787914514541625977e+00
-1.787859320640563965e+00
-1.788130760192871094e+00
-1.787961125373840332e+00
-1.787892222404479980e+00
-1.787789106369018555e+00
-1.788107633590698242e+00
-1.788044691085815430e+00
-1.787845730781555176e+00
-1.787801980972290039e+00
-1.787935614585876465e+00
-1.787931203842163086e+00
-1.787900447845458984e+00
-1.787875056266784668e+00
-1.787974238395690918e+00
-1.788038253784179688e+00
-1.787909150123596191e+00
-1.787714481353759766e+00
-1.787791728973388672e+00
-1.788038015365600586e+00
-1.788065195083618164e+00
-1.787889122962951660e+00
-1.787868022918701172e+00
-1.787954449653625488e+00
-1.788107514381408691e+00
-1.788061380386352539e+00
-1.787918448448181152e+00
-1.787892580032348633e+00
-1.788086414337158203e+00
-1.787970423698425293e+00
-1.787822008132934570e+00
-1.787764906883239746e+00
-1.787938714027404785e+00
-1.788003206253051758e+00
-1.787921667098999023e+00
-1.787846565246582031e+00
-1.787964582443237305e+00
-1.794319272041320801e+00
-1.820173740386962891e+00
-1.847766399383544922e+00
-1.882405281066894531e+00
-1.920525193214416504e+00
-1.957750320434570312e+00
-1.994949579238891602e+00
-2.034537553787231445e+00
-2.071983337402343750e+00
-2.113246679306030273e+00
-2.147732973098754883e+00
-2.181361436843872070e+00
-2.213362455368041992e+00
-2.248389959335327148e+00
-2.283231258392333984e+00
-2.288868665695190430e+00
-2.288290023803710938e+00
-2.287728786468505859e+00
-2.288756608963012695e+00
-2.287513256072998047e+00
-2.288038015365600586e+00
-2.288093566894531250e+00
-2.287931442260742188e+00
-2.287822246551513672e+00
-2.287461757659912109e+00
-2.288120746612548828e+00
-2.288141727447509766e+00
-2.288168191909790039e+00
-2.287508964538574219e+00
-2.287611961364746094e+00
-2.288069963455200195e+00
-2.287885189056396484e+00
-2.287695169448852539e+00
-2.287965536117553711e+00
-2.287827253341674805e+00
-2.288026571273803711e+00
-2.287860393524169922e+00
-2.287533044815063477e+00
-2.287683010101318359e+00
-2.287930965423583984e+00
-2.287896633148193359e+00
-2.287963628768920898e+00
-2.287978887557983398e+00
-2.288191080093383789e+00
-2.287952899932861328e+00
-2.287712812423706055e+00
-2.287960052490234375e+00
-2.288210630416870117e+00
-2.287905693054199219e+00
-2.287824630737304688e+00
-2.287775516510009766e+00
-2.287631750106811523e+00
-2.287788629531860352e+00
-2.287930488586425781e+00
-2.287674427032470703e+00
-2.287955999374389648e+00
-2.287740707397460938e+00
-2.287999153137207031e+00
-2.287821531295776367e+00
-2.287906885147094727e+00
-2.287680149078369141e+00
-2.288208723068237305e+00
-2.288227081298828125e+00
-2.287925720214843750e+00
-2.287866115570068359e+00
-2.288074493408203125e+00
-2.288274288177490234e+00
-2.287998437881469727e+00
-2.287629842758178711e+00
-2.287911176681518555e+00
-2.288452386856079102e+00
-2.287770271301269531e+00
-2.287535667419433594e+00
-2.288017749786376953e+00
-2.287813186645507812e+00
-2.287848949432373047e+00
-2.288023710250854492e+00
-2.287617444992065430e+00
-2.283406019210815430e+00
-2.276624917984008789e+00
-2.275634050369262695e+00
-2.275063991546630859e+00
-2.273131847381591797e+00
-2.272979259490966797e+00
-2.273543834686279297e+00
-2.268476009368896484e+00
-2.265266895294189453e+00
-2.263396978378295898e+00
-2.264695167541503906e+00
-2.267105102539062500e+00
-2.267416000366210938e+00
-2.265782356262207031e+00
-2.268979549407958984e+00
-2.264216661453247070e+00
-2.263829231262207031e+00
-2.259778499603271484e+00
-2.258445024490356445e+00
-2.255293607711791992e+00
-2.255964994430541992e+00
-2.251817703247070312e+00
-2.253817081451416016e+00
-2.245415925979614258e+00
-2.246463775634765625e+00
-2.239050626754760742e+00
-2.236351728439331055e+00
-2.238836050033569336e+00
-2.239965915679931641e+00
-2.239611148834228516e+00
-2.232974767684936523e+00
-2.222060203552246094e+00
-2.223449230194091797e+00
-2.230030775070190430e+00
-2.228947162628173828e+00
-2.228427410125732422e+00
-2.224956512451171875e+00
-2.222808122634887695e+00
-2.220102787017822266e+00
-2.214055299758911133e+00
-2.207250118255615234e+00
-2.199687957763671875e+00
-2.194811344146728516e+00
-2.194388866424560547e+00
-2.192958354949951172e+00
-2.189243078231811523e+00
-2.189741849899291992e+00
-2.185231924057006836e+00
-2.178519964218139648e+00
-2.164270162582397461e+00
-2.165132045745849609e+00
-2.165145635604858398e+00
-2.163189649581909180e+00
-2.155423402786254883e+00
-2.146969079971313477e+00
-2.147565603256225586e+00
-2.147668361663818359e+00
-2.146644353866577148e+00
-2.149138212203979492e+00
-2.144708156585693359e+00
-2.133720159530639648e+00
-2.125488281250000000e+00
-2.121946811676025391e+00
-2.111578226089477539e+00
-2.101093530654907227e+00
-2.089001655578613281e+00
-2.088641405105590820e+00
-2.090113878250122070e+00
-2.086829185485839844e+00
-2.079068899154663086e+00
-2.067255496978759766e+00
-2.061287879943847656e+00
-2.055005550384521484e+00
-2.045024156570434570e+00
-2.032109975814819336e+00
-2.021937370300292969e+00
-2.017856836318969727e+00
-2.012249946594238281e+00
-2.004982233047485352e+00
-1.994055032730102539e+00
-1.997943043708801270e+00
-1.997752904891967773e+00
-1.991289854049682617e+00
-1.989274978637695312e+00
-1.988924264907836914e+00
-1.988749980926513672e+00
-1.988763809204101562e+00
-1.988500237464904785e+00
-1.988646268844604492e+00
-1.988803148269653320e+00
-1.988876223564147949e+00
-1.988734245300292969e+00
-1.988582730293273926e+00
-1.988745808601379395e+00
-1.989083409309387207e+00
-1.988873362541198730e+00
-1.988570451736450195e+00
-1.988639950752258301e+00
-1.988782405853271484e+00
-1.988801002502441406e+00
-1.988846659660339355e+00
-1.988616585731506348e+00
-1.988832473754882812e+00
-1.988984227180480957e+00
-1.989007711410522461e+00
-1.988786458969116211e+00
-1.988719105720520020e+00
-1.988920569419860840e+00
-1.988755941390991211e+00
-1.988692283630371094e+00
-1.988613128662109375e+00
-1.988764882087707520e+00
-1.989061713218688965e+00
-1.988651514053344727e+00
-1.988620042800903320e+00
-1.988803744316101074e+00
-1.988915085792541504e+00
-1.988711476325988770e+00
-1.988808989524841309e+00
-1.988946795463562012e+00
-1.988987922668457031e+00
-1.988869428634643555e+00
-1.988623619079589844e+00
-1.988663792610168457e+00
-1.988771200180053711e+00
-1.988912940025329590e+00
-1.988785386085510254e+00
-1.988585114479064941e+00
-1.988716959953308105e+00
-1.988944172859191895e+00
-1.988825917243957520e+00
-1.988556385040283203e+00
-1.988536357879638672e+00
-1.988732695579528809e+00
-1.988898754119873047e+00
-1.999270200729370117e+00
-2.004563570022583008e+00
-2.005457162857055664e+00
-2.006055593490600586e+00
-2.006129741668701172e+00
-2.006207227706909180e+00
-2.006181478500366211e+00
-2.006006479263305664e+00
-2.006241798400878906e+00
-2.006183147430419922e+00
-2.006171941757202148e+00
-2.006035804748535156e+00
-2.006112098693847656e+00
-2.006090641021728516e+00
-2.005939483642578125e+00
-2.006221532821655273e+00
-2.006211757659912109e+00
-2.006194591522216797e+00
-2.005953073501586914e+00
-2.005895376205444336e+00
-2.006027936935424805e+00
-2.006389379501342773e+00
-2.006254673004150391e+00
-2.006109714508056641e+00
-2.006239414215087891e+00
-2.006276845932006836e+00
-2.006121158599853516e+00
-2.005990505218505859e+00
-2.006062746047973633e+00
-2.005757808685302734e+00
-2.005316972732543945e+00
-2.005388736724853516e+00
-2.005230188369750977e+00
-2.005489826202392578e+00
-2.005550384521484375e+00
-2.005432367324829102e+00
-2.005187034606933594e+00
-2.005294084548950195e+00
-2.005372762680053711e+00
-2.005282163619995117e+00
-2.005258321762084961e+00
-2.005223751068115234e+00
-2.005545377731323242e+00
-2.005569934844970703e+00
-2.005495548248291016e+00
-2.005312681198120117e+00
-2.005376815795898438e+00
-2.005608081817626953e+00
-2.005410671234130859e+00
-2.005295753479003906e+00
-2.005367994308471680e+00
-2.005425930023193359e+00
-2.005499601364135742e+00
-2.005303621292114258e+00
-2.005347967147827148e+00
-2.005299806594848633e+00
-2.005630493164062500e+00
-2.005462169647216797e+00
-2.005276203155517578e+00
-2.005323410034179688e+00
-2.005489826202392578e+00
-2.005398035049438477e+00
-2.005327701568603516e+00
-2.005218982696533203e+00
-2.005512475967407227e+00
-2.005542993545532227e+00
-2.005524396896362305e+00
-2.005186796188354492e+00
-2.005341291427612305e+00
-2.005385398864746094e+00
-2.005262851715087891e+00
-2.005279302597045898e+00
-2.005357980728149414e+00
-2.005438566207885742e+00
-2.005575418472290039e+00
-2.005305051803588867e+00
-2.005312204360961914e+00
-2.005430936813354492e+00
-2.005493879318237305e+00
-2.005388975143432617e+00
-2.005206823348999023e+00
-2.005483865737915039e+00
-2.005441427230834961e+00
-2.005288600921630859e+00
-2.005157232284545898e+00
-2.005117893218994141e+00
-2.009421110153198242e+00
-2.019188165664672852e+00
-2.036090135574340820e+00
-2.067969322204589844e+00
-2.114878177642822266e+00
-2.170640230178833008e+00
-2.227272033691406250e+00
-2.281314849853515625e+00
-2.338822126388549805e+00
-2.398664712905883789e+00
-2.456156730651855469e+00
-2.515414237976074219e+00
-2.570674657821655273e+00
-2.630466222763061523e+00
-2.689548492431640625e+00
-2.743831157684326172e+00
-2.798020839691162109e+00
-2.854954719543457031e+00
-2.909193038940429688e+00
-2.969064474105834961e+00
-3.007058382034301758e+00
-3.004822731018066406e+00
-2.997218132019042969e+00
-2.996627807617187500e+00
-3.005123138427734375e+00
-3.005387544631958008e+00
-3.005726099014282227e+00
-2.997038125991821289e+00
-3.005214214324951172e+00
-3.005420684814453125e+00
-3.005646944046020508e+00
-2.997181892395019531e+00
-2.996843576431274414e+00
-3.005131959915161133e+00
-3.005368232727050781e+00
-3.005527734756469727e+00
-2.997011661529541016e+00
-3.005072593688964844e+00
-3.005375146865844727e+00
-3.005750656127929688e+00
-3.005398035049438477e+00
-3.005121469497680664e+00
-3.005412101745605469e+00
-3.005301713943481445e+00
-3.005240440368652344e+00
-2.996851682662963867e+00
-3.005021810531616211e+00
-3.005173921585083008e+00
-3.005703210830688477e+00
-2.997038125991821289e+00
-2.996611356735229492e+00
-3.005156517028808594e+00
-3.005382299423217773e+00
-2.997208356857299805e+00
-2.996751308441162109e+00
-3.005105733871459961e+00
-3.005254507064819336e+00
-3.005669832229614258e+00
-2.997071266174316406e+00
-3.005063772201538086e+00
-3.005131959915161133e+00
-3.005543470382690430e+00
-3.005244016647338867e+00
-3.005177497863769531e+00
-3.005266666412353516e+00
-3.005499601364135742e+00
-3.005652189254760742e+00
-2.997031688690185547e+00
-3.005196809768676758e+00
-3.005310535430908203e+00
-3.005712032318115234e+00
-2.997196674346923828e+00
-3.005121469497680664e+00
-3.005287647247314453e+00
-3.005378723144531250e+00
-3.005362987518310547e+00
-2.996929168701171875e+00
-3.005044698715209961e+00
-3.005242109298706055e+00
-3.005680322647094727e+00
-2.997044801712036133e+00
-3.004904747009277344e+00
-3.005433082580566406e+00
-3.005726099014282227e+00
-2.997300863265991211e+00
-3.005165100097656250e+00
-3.005175590515136719e+00
-3.005364656448364258e+00
-3.005624294281005859e+00
-2.996970415115356445e+00
-3.005229949951171875e+00
-3.005464553833007812e+00
-3.005727767944335938e+00
-2.997148752212524414e+00
-2.996710062026977539e+00
-3.005205392837524414e+00
-3.005361318588256836e+00
-3.005471706390380859e+00
-2.997046470642089844e+00
-3.005138874053955078e+00
-3.005226373672485352e+00
-3.005775213241577148e+00
-2.996953964233398438e+00
-3.005062103271484375e+00
-3.005236864089965820e+00
-3.005398035049438477e+00
-2.997272729873657227e+00
-2.996865034103393555e+00
-3.005147695541381836e+00
-3.005194902420043945e+00
-3.005682229995727539e+00
-2.997025012969970703e+00
-3.004972934722900391e+00
-3.005208969116210938e+00
-3.005759477615356445e+00
-3.005231618881225586e+00
-3.005054950714111328e+00
-3.005226373672485352e+00
-3.005410194396972656e+00
-3.005510091781616211e+00
-2.996901273727416992e+00
-2.996626138687133789e+00
-3.005226373672485352e+00
-2.992091178894042969e+00
-3.004083395004272461e+00
-2.997767925262451172e+00
-3.011133432388305664e+00
-3.015862464904785156e+00
-3.018311262130737305e+00
-3.020228624343872070e+00
-3.021839380264282227e+00
-3.024095535278320312e+00
-3.028024911880493164e+00
-3.029234886169433594e+00
-3.025383949279785156e+00
-3.036567211151123047e+00
-3.040693044662475586e+00
-3.043824195861816406e+00
-3.047859430313110352e+00
-3.049813747406005859e+00
-3.054636001586914062e+00
-3.058892726898193359e+00
-3.060388326644897461e+00
-3.055070400238037109e+00
-3.062242031097412109e+00
-3.063655138015747070e+00
-3.065679550170898438e+00
-3.065560340881347656e+00
-3.060608863830566406e+00
-3.070343255996704102e+00
-3.071810960769653320e+00
-3.075453281402587891e+00
-3.076598882675170898e+00
-3.073177576065063477e+00
-3.080658674240112305e+00
-3.087310552597045898e+00
-3.078214883804321289e+00
-3.088339328765869141e+00
-3.098368644714355469e+00
-3.088793516159057617e+00
-3.086816310882568359e+00
-3.091777086257934570e+00
-3.099288463592529297e+00
-3.100413799285888672e+00
-3.099781751632690430e+00
-3.102159023284912109e+00
-3.101499319076538086e+00
-3.100275039672851562e+00
-3.102395534515380859e+00
-3.102505207061767578e+00
3.106962203979492188e+00
3.106996536254882812e+00
3.105937719345092773e+00
3.106422424316406250e+00
3.105320930480957031e+00
3.105459451675415039e+00
3.103694438934326172e+00
3.101291656494140625e+00
3.100914955139160156e+00
3.097268342971801758e+00
3.093199968338012695e+00
3.088734865188598633e+00
3.098906993865966797e+00
3.098879098892211914e+00
3.098011493682861328e+00
3.097096443176269531e+00
3.095176696777343750e+00
3.096173763275146484e+00
3.097804069519042969e+00
3.096463203430175781e+00
3.095589399337768555e+00
3.095558404922485352e+00
3.097074985504150391e+00
3.097592115402221680e+00
3.096241950988769531e+00
3.095361948013305664e+00
3.096231460571289062e+00
3.097853183746337891e+00
3.096595525741577148e+00
3.095022678375244141e+00
3.095470428466796875e+00
3.097155570983886719e+00
3.096707105636596680e+00
3.095766067504882812e+00
3.095161199569702148e+00
3.096532106399536133e+00
3.097640991210937500e+00
3.096220970153808594e+00
3.095269203186035156e+00
3.095838785171508789e+00
3.097467660903930664e+00
3.096521377563476562e+00
3.095750331878662109e+00
3.095506668090820312e+00
3.096925258636474609e+00
3.097706079483032227e+00
3.096368312835693359e+00
3.095315456390380859e+00
3.096215724945068359e+00
3.097462415695190430e+00
3.096226215362548828e+00
3.095537662506103516e+00
3.095491170883178711e+00
3.097037553787231445e+00
3.099491834640502930e+00
3.109129905700683594e+00
-3.102891445159912109e+00
-3.079422950744628906e+00
-3.046811819076538086e+00
-3.011822938919067383e+00
-2.973265171051025391e+00
-2.935120344161987305e+00
-2.899877071380615234e+00
-2.863786697387695312e+00
-2.832217216491699219e+00
-2.790907382965087891e+00
-2.762037277221679688e+00
-2.730392456054687500e+00
-2.696251392364501953e+00
-2.664474248886108398e+00
-2.631749153137207031e+00
-2.598300218582153320e+00
-2.568358898162841797e+00
-2.539636611938476562e+00
-2.510535955429077148e+00
-2.477267503738403320e+00
-2.439040899276733398e+00
-2.403385400772094727e+00
-2.373265981674194336e+00
-2.340996503829956055e+00
-2.308758735656738281e+00
-2.277184724807739258e+00
-2.248997211456298828e+00
-2.219371795654296875e+00
-2.190925121307373047e+00
-2.156674623489379883e+00
-2.118200778961181641e+00
-2.086810588836669922e+00
-2.051998853683471680e+00
-2.020596027374267578e+00
-1.991144776344299316e+00
-1.966250896453857422e+00
-1.935003995895385742e+00
-1.903494477272033691e+00
-1.869651198387145996e+00
-1.836059570312500000e+00
-1.803554534912109375e+00
-1.767721295356750488e+00
-1.733247876167297363e+00
-1.709165096282958984e+00
-1.707551598548889160e+00
-1.708612561225891113e+00
-1.708809018135070801e+00
-1.708753108978271484e+00
-1.708991289138793945e+00
-1.708839654922485352e+00
-1.708680272102355957e+00
-1.708705067634582520e+00
-1.708910346031188965e+00
-1.708823204040527344e+00
-1.708734273910522461e+00
-1.708631277084350586e+00
-1.708843350410461426e+00
-1.708756923675537109e+00
-1.708714842796325684e+00
-1.708830118179321289e+00
-1.708823919296264648e+00
-1.708920478820800781e+00
-1.708938837051391602e+00
-1.708645462989807129e+00
-1.708930492401123047e+00
-1.708903670310974121e+00
-1.708856940269470215e+00
-1.708771824836730957e+00
-1.708683729171752930e+00
-1.708845734596252441e+00
-1.708843708038330078e+00
-1.708849668502807617e+00
-1.708697557449340820e+00
-1.708955049514770508e+00
-1.709165215492248535e+00
-1.708890676498413086e+00
-1.708628416061401367e+00
-1.708788752555847168e+00
-1.708945393562316895e+00
-1.708826422691345215e+00
-1.708750963211059570e+00
-1.708921432495117188e+00
-1.708970427513122559e+00
-1.709044337272644043e+00
-1.708852648735046387e+00
-1.708689928054809570e+00
-1.708743333816528320e+00
-1.709208130836486816e+00
-1.708840608596801758e+00
-1.708677768707275391e+00
-1.708935379981994629e+00
-1.708822250366210938e+00
-1.708993077278137207e+00
-1.708745837211608887e+00
-1.708517193794250488e+00
-1.708873987197875977e+00
-1.709075331687927246e+00
-1.709001302719116211e+00
-1.708700299263000488e+00
-1.708610415458679199e+00
-1.708970546722412109e+00
-1.708997249603271484e+00
-1.708772301673889160e+00
-1.708665609359741211e+00
-1.705780863761901855e+00
-1.708044409751892090e+00
-1.708117008209228516e+00
-1.709277272224426270e+00
-1.710164904594421387e+00
-1.712931394577026367e+00
-1.714709162712097168e+00
-1.715619087219238281e+00
-1.719428300857543945e+00
-1.726867794990539551e+00
-1.729546189308166504e+00
-1.733733177185058594e+00
-1.737579822540283203e+00
-1.742081880569458008e+00
-1.745020508766174316e+00
-1.749288439750671387e+00
-1.754763841629028320e+00
-1.758445501327514648e+00
-1.762056946754455566e+00
-1.766298890113830566e+00
-1.773320674896240234e+00
-1.779618263244628906e+00
-1.783346652984619141e+00
-1.787905335426330566e+00
-1.791349172592163086e+00
-1.794219374656677246e+00
-1.798375010490417480e+00
-1.803287267684936523e+00
-1.807940959930419922e+00
-1.806901574134826660e+00
-1.808128714561462402e+00
-1.811053156852722168e+00
-1.815659761428833008e+00
-1.820781826972961426e+00
-1.823516726493835449e+00
-1.822227120399475098e+00
-1.826938033103942871e+00
-1.829806923866271973e+00
-1.831976532936096191e+00
-1.836780786514282227e+00
-1.840493559837341309e+00
-1.842560529708862305e+00
-1.843140721321105957e+00
-1.841658115386962891e+00
-1.842504978179931641e+00
-1.844673395156860352e+00
-1.839444160461425781e+00
-1.843793511390686035e+00
-1.850818634033203125e+00
-1.851929545402526855e+00
-1.858039975166320801e+00
-1.860310554504394531e+00
-1.864440321922302246e+00
-1.868722319602966309e+00
-1.874398827552795410e+00
-1.876561522483825684e+00
-1.881515741348266602e+00
-1.882565617561340332e+00
-1.886049032211303711e+00
-1.889062523841857910e+00
-1.894088745117187500e+00
-1.897042393684387207e+00
-1.900803685188293457e+00
-1.902312874794006348e+00
-1.904317736625671387e+00
-1.909901380538940430e+00
-1.915794610977172852e+00
-1.925277471542358398e+00
-1.929060459136962891e+00
-1.933683872222900391e+00
-1.940486669540405273e+00
-1.946014404296875000e+00
-1.956378698348999023e+00
-1.958968520164489746e+00
-1.955629825592041016e+00
-1.954085588455200195e+00
-1.951669335365295410e+00
-1.953672766685485840e+00
-1.956771492958068848e+00
-1.960667133331298828e+00
-1.963523507118225098e+00
-1.968695044517517090e+00
-1.966778635978698730e+00
-1.969356298446655273e+00
-1.968924522399902344e+00
-1.967564463615417480e+00
-1.967911601066589355e+00
-1.967906236648559570e+00
-1.967677831649780273e+00
-1.966832876205444336e+00
-1.966572642326354980e+00
-1.966737151145935059e+00
-1.967005133628845215e+00
-1.967301726341247559e+00
-1.967045664787292480e+00
-1.966810941696166992e+00
-1.967048168182373047e+00
-1.967311620712280273e+00
-1.967196941375732422e+00
-1.966854572296142578e+00
-1.966947913169860840e+00
-1.966993331909179688e+00
-1.967066764831542969e+00
-1.966961145401000977e+00
-1.966792225837707520e+00
-1.966984152793884277e+00
-1.967245697975158691e+00
-1.966898322105407715e+00
-1.966858267784118652e+00
-1.966817378997802734e+00
-1.967135190963745117e+00
-1.967155098915100098e+00
-1.966973781585693359e+00
-1.966845989227294922e+00
-1.967091679573059082e+00
-1.967204689979553223e+00
-1.967034459114074707e+00
-1.966737389564514160e+00
-1.966925382614135742e+00
-1.967225670814514160e+00
-1.967265486717224121e+00
-1.966907262802124023e+00
-1.966876387596130371e+00
-1.967159628868103027e+00
-1.967168450355529785e+00
-1.967005848884582520e+00
-1.966845512390136719e+00
-1.966978549957275391e+00
-1.967185020446777344e+00
-1.967025160789489746e+00
-1.966794371604919434e+00
-1.966948866844177246e+00
-1.967145681381225586e+00
-1.967212200164794922e+00
-1.966808199882507324e+00
-1.966926217079162598e+00
-1.966946005821228027e+00
-1.967181563377380371e+00
-1.967097282409667969e+00
-1.966833353042602539e+00
-1.966993808746337891e+00
-1.967199087142944336e+00
-1.967150807380676270e+00
-1.966841459274291992e+00
-1.966804265975952148e+00
-1.967030763626098633e+00
-1.967183709144592285e+00
-1.967044830322265625e+00
-1.966863393783569336e+00
-1.967011690139770508e+00
-1.967276453971862793e+00
-1.967051863670349121e+00
-1.966852664947509766e+00
-1.966954469680786133e+00
-1.967164993286132812e+00
-1.967098832130432129e+00
-1.966995954513549805e+00
-1.966852188110351562e+00
-1.966942429542541504e+00
-1.967196941375732422e+00
-1.966921925544738770e+00
-1.966719269752502441e+00
-1.966960906982421875e+00
-1.967172384262084961e+00
-1.967061519622802734e+00
-1.966838717460632324e+00
-1.966890096664428711e+00
-1.966951012611389160e+00
-1.967135787010192871e+00
-1.969511985778808594e+00
-1.993809700012207031e+00
-2.026467800140380859e+00
-2.064184427261352539e+00
-2.103192567825317383e+00
-2.139361619949340820e+00
-2.175284624099731445e+00
-2.208746910095214844e+00
-2.241289615631103516e+00
-2.274212837219238281e+00
-2.312427043914794922e+00
-2.347765445709228516e+00
-2.384708166122436523e+00
-2.420382738113403320e+00
-2.457846879959106445e+00
-2.492751836776733398e+00
-2.523905992507934570e+00
-2.560385942459106445e+00
-2.590098857879638672e+00
-2.619594812393188477e+00
-2.650365829467773438e+00
-2.684050798416137695e+00
-2.716005563735961914e+00
-2.750736713409423828e+00
-2.782561302185058594e+00
-2.822775363922119141e+00
-2.856541633605957031e+00
-2.894911766052246094e+00
-2.926428794860839844e+00
-2.955759286880493164e+00
-2.987550020217895508e+00
-2.996046066284179688e+00
-2.992370843887329102e+00
-2.993286609649658203e+00
-2.992836952209472656e+00
-2.992588281631469727e+00
-2.992615699768066406e+00
-2.993111371994018555e+00
-2.993045568466186523e+00
-2.992703676223754883e+00
-2.992407560348510742e+00
-2.992820739746093750e+00
-2.993111371994018555e+00
-2.992756605148315430e+00
-2.992554664611816406e+00
-2.992702245712280273e+00
-2.993117809295654297e+00
-2.992888212203979492e+00
-2.992687702178955078e+00
-2.992474794387817383e+00
-2.993003845214843750e+00
-2.993109703063964844e+00
-2.992726087570190430e+00
-2.992413997650146484e+00
-2.992722988128662109e+00
-2.993148326873779297e+00
-2.992918729782104492e+00
-2.992548465728759766e+00
-2.992673397064208984e+00
-2.993103265762329102e+00
-2.992929935455322266e+00
-2.992589950561523438e+00
-2.992425203323364258e+00
-2.992738962173461914e+00
-2.993161201477050781e+00
-2.992745399475097656e+00
-2.992445945739746094e+00
-2.992747068405151367e+00
-2.993140459060668945e+00
-2.992963552474975586e+00
-2.992594718933105469e+00
-2.992471456527709961e+00
-2.993042230606079102e+00
-2.993162870407104492e+00
-2.992772579193115234e+00
-2.992466688156127930e+00
-2.992716550827026367e+00
-2.993103265762329102e+00
-2.992854595184326172e+00
-2.992489099502563477e+00
-2.992634773254394531e+00
-2.993067979812622070e+00
-2.993124246597290039e+00
-2.992718219757080078e+00
-2.994448184967041016e+00
-2.993576526641845703e+00
-2.994849205017089844e+00
-2.999265670776367188e+00
-3.004229307174682617e+00
-3.004777431488037109e+00
-3.005641698837280273e+00
-3.003845930099487305e+00
-3.010344028472900391e+00
-3.013313293457031250e+00
-3.014785528182983398e+00
-3.016314983367919922e+00
-3.021851301193237305e+00
-3.024812459945678711e+00
-3.025519371032714844e+00
-3.029222249984741211e+00
-3.029957056045532227e+00
-3.027647495269775391e+00
-3.030258655548095703e+00
-3.032912731170654297e+00
-3.036678552627563477e+00
-3.040979623794555664e+00
-3.041492938995361328e+00
-3.043824195861816406e+00
-3.047101736068725586e+00
-3.049753904342651367e+00
-3.048831462860107422e+00
-3.050620317459106445e+00
-3.052551984786987305e+00
-3.052420854568481445e+00
-3.052994966506958008e+00
-3.056566476821899414e+00
-3.057886600494384766e+00
-3.060209512710571289e+00
-3.062504053115844727e+00
-3.064879655838012695e+00
-3.068483352661132812e+00
-3.070396900177001953e+00
-3.069372653961181641e+00
-3.073635816574096680e+00
-3.076742172241210938e+00
-3.079346179962158203e+00
-3.079850196838378906e+00
-3.076617240905761719e+00
-3.078248739242553711e+00
-3.081114292144775391e+00
-3.085101842880249023e+00
-3.084426403045654297e+00
-3.088142633438110352e+00
-3.087937831878662109e+00
-3.091519355773925781e+00
-3.091930627822875977e+00
-3.093086719512939453e+00
-3.095522165298461914e+00
-3.096563816070556641e+00
-3.097489356994628906e+00
-3.099867343902587891e+00
-3.100669384002685547e+00
-3.101785898208618164e+00
-3.102243661880493164e+00
3.101232528686523438e+00
3.099941730499267578e+00
3.100791931152343750e+00
3.099787473678588867e+00
3.096410512924194336e+00
3.094640254974365234e+00
3.090866327285766602e+00
3.090487003326416016e+00
3.085982561111450195e+00
3.083927869796752930e+00
3.079584121704101562e+00
3.078444957733154297e+00
3.075967073440551758e+00
3.072920083999633789e+00
3.068493127822875977e+00
3.066291570663452148e+00
3.064445495605468750e+00
3.058915615081787109e+00
3.054143905639648438e+00
3.051222562789916992e+00
3.050460338592529297e+00
3.047149658203125000e+00
3.046407699584960938e+00
3.044224977493286133e+00
3.045266866683959961e+00
3.042049646377563477e+00
3.039758920669555664e+00
3.035874605178833008e+00
3.036272287368774414e+00
3.034937858581542969e+00
3.031095266342163086e+00
3.028325796127319336e+00
3.027459144592285156e+00
3.024103879928588867e+00
3.021507024765014648e+00
3.018866062164306641e+00
3.014413595199584961e+00
3.004744291305541992e+00
3.000064373016357422e+00
2.998033761978149414e+00
2.995553493499755859e+00
2.991409540176391602e+00
2.990075826644897461e+00
2.986536979675292969e+00
2.985289096832275391e+00
2.982785224914550781e+00
2.978468894958496094e+00
2.976266860961914062e+00
2.970126390457153320e+00
2.964235305786132812e+00
2.961536884307861328e+00
2.956465959548950195e+00
2.951401948928833008e+00
2.945705652236938477e+00
2.941791296005249023e+00
2.940430879592895508e+00
2.935431718826293945e+00
2.929546594619750977e+00
2.923925399780273438e+00
2.917615890502929688e+00
2.911854743957519531e+00
2.907453536987304688e+00
2.903633832931518555e+00
2.899827718734741211e+00
2.896024703979492188e+00
2.892743110656738281e+00
2.888230800628662109e+00
2.884328842163085938e+00
2.881655216217041016e+00
2.877471208572387695e+00
2.875544548034667969e+00
2.871188402175903320e+00
2.870352268218994141e+00
2.863533735275268555e+00
2.856647253036499023e+00
2.850804805755615234e+00
2.847642421722412109e+00
2.842126846313476562e+00
2.838893413543701172e+00
2.835831403732299805e+00
2.835527181625366211e+00
2.833073377609252930e+00
2.827866077423095703e+00
2.824382781982421875e+00
2.821252822875976562e+00
2.816564321517944336e+00
2.815048694610595703e+00
2.813803672790527344e+00
2.809511184692382812e+00
2.805903434753417969e+00
2.801342248916625977e+00
2.796322107315063477e+00
2.792097806930541992e+00
2.789572477340698242e+00
2.787543535232543945e+00
2.781376838684082031e+00
2.778610467910766602e+00
2.775409221649169922e+00
2.769598722457885742e+00
2.764282703399658203e+00
2.761057615280151367e+00
2.756957054138183594e+00
2.752775192260742188e+00
2.748589754104614258e+00
2.743886709213256836e+00
2.737695693969726562e+00
2.732880353927612305e+00
2.728882789611816406e+00
2.725927591323852539e+00
2.722019433975219727e+00
2.718457221984863281e+00
2.712848901748657227e+00
2.709060907363891602e+00
2.706338882446289062e+00
2.704009532928466797e+00
2.700522661209106445e+00
2.699494838714599609e+00
2.696160078048706055e+00
2.694748878479003906e+00
2.690795898437500000e+00
2.689798593521118164e+00
2.686048269271850586e+00
2.683290719985961914e+00
2.677949905395507812e+00
2.675285816192626953e+00
2.672824859619140625e+00
2.671354055404663086e+00
2.669574022293090820e+00
2.661447286605834961e+00
2.658719539642333984e+00
2.655900001525878906e+00
2.656821966171264648e+00
2.654655218124389648e+00
2.655239105224609375e+00
2.651163578033447266e+00
2.647157907485961914e+00
2.645289182662963867e+00
2.645231485366821289e+00
2.640296220779418945e+00
2.636171817779541016e+00
2.629808664321899414e+00
2.627175569534301758e+00
2.624713182449340820e+00
2.621037244796752930e+00
2.618796825408935547e+00
2.614747762680053711e+00
2.605940580368041992e+00
2.598904848098754883e+00
2.595786571502685547e+00
2.590918540954589844e+00
2.582490682601928711e+00
2.578105926513671875e+00
2.576205253601074219e+00
2.571979999542236328e+00
2.568288087844848633e+00
2.564372777938842773e+00
2.561265230178833008e+00
2.556444406509399414e+00
2.550721406936645508e+00
2.543612241744995117e+00
2.539060592651367188e+00
2.535174608230590820e+00
2.531096935272216797e+00
2.528840780258178711e+00
2.525315523147583008e+00
2.524746656417846680e+00
2.524397850036621094e+00
2.521373510360717773e+00
2.516169309616088867e+00
2.512029886245727539e+00
2.510028362274169922e+00
2.502559900283813477e+00
2.504457950592041016e+00
2.504100322723388672e+00
2.505486249923706055e+00
2.505708932876586914e+00
2.502389907836914062e+00
2.503865480422973633e+00
2.504659175872802734e+00
2.509603977203369141e+00
2.509863853454589844e+00
2.509663820266723633e+00
2.510162353515625000e+00
2.510467767715454102e+00
2.509801864624023438e+00
2.509450197219848633e+00
2.509825468063354492e+00
2.509970188140869141e+00
2.509835720062255859e+00
2.509427309036254883e+00
2.509733200073242188e+00
2.510050773620605469e+00
2.509975910186767578e+00
2.509620189666748047e+00
2.509647369384765625e+00
2.509960412979125977e+00
2.510346412658691406e+00
2.509840250015258789e+00
2.509443998336791992e+00
2.510017395019531250e+00
2.510078430175781250e+00
2.509964704513549805e+00
2.509493827819824219e+00
2.509654283523559570e+00
2.509974241256713867e+00
2.510035991668701172e+00
2.509615421295166016e+00
2.509566068649291992e+00
2.509923934936523438e+00
2.510442256927490234e+00
2.509973526000976562e+00
2.509056568145751953e+00
2.482472896575927734e+00
2.447238445281982422e+00
2.410461902618408203e+00
2.374398469924926758e+00
2.337024211883544922e+00
2.298224925994873047e+00
2.261218309402465820e+00
2.222124814987182617e+00
2.185483694076538086e+00
2.152384519577026367e+00
2.114768028259277344e+00
2.077145814895629883e+00
2.041251182556152344e+00
2.001990795135498047e+00
1.972452998161315918e+00
1.932216882705688477e+00
1.892120599746704102e+00
1.850898742675781250e+00
1.815893769264221191e+00
1.778253078460693359e+00
1.739074826240539551e+00
1.703223586082458496e+00
1.699873328208923340e+00
1.698559999465942383e+00
1.699116349220275879e+00
1.698728919029235840e+00
1.698809385299682617e+00
1.698967337608337402e+00
1.699161291122436523e+00
1.698826551437377930e+00
1.698732852935791016e+00
1.698926806449890137e+00
1.698993921279907227e+00
1.699015617370605469e+00
1.698457121849060059e+00
1.698766708374023438e+00
1.699006557464599609e+00
1.699079990386962891e+00
1.698620676994323730e+00
1.698735475540161133e+00
1.698877096176147461e+00
1.699209094047546387e+00
1.698802709579467773e+00
1.698660016059875488e+00
1.698758721351623535e+00
1.698973894119262695e+00
1.698965191841125488e+00
1.698632955551147461e+00
1.698824048042297363e+00
1.698982715606689453e+00
1.699037909507751465e+00
1.698800086975097656e+00
1.698733091354370117e+00
1.698994874954223633e+00
1.699094414710998535e+00
1.698789596557617188e+00
1.698697328567504883e+00
1.698870778083801270e+00
1.699007868766784668e+00
1.698930382728576660e+00
1.698748946189880371e+00
1.698871850967407227e+00
1.698899865150451660e+00
1.699083805084228516e+00
1.698897838592529297e+00
1.698618412017822266e+00
1.698804140090942383e+00
1.699014663696289062e+00
1.698953628540039062e+00
1.698654413223266602e+00
1.698583483695983887e+00
1.698953509330749512e+00
1.698990821838378906e+00
1.698645591735839844e+00
1.698606014251708984e+00
1.698927283287048340e+00
1.699086904525756836e+00
1.698793172836303711e+00
1.698550939559936523e+00
1.698728084564208984e+00
1.698940873146057129e+00
1.698943138122558594e+00
1.698648810386657715e+00
1.698684692382812500e+00
1.699001908302307129e+00
1.699074029922485352e+00
1.698677301406860352e+00
1.698488473892211914e+00
1.698850989341735840e+00
1.699025154113769531e+00
1.698856592178344727e+00
1.698575854301452637e+00
1.698886871337890625e+00
1.698931217193603516e+00
1.699109673500061035e+00
1.698583602905273438e+00
1.698576450347900391e+00
1.698880314826965332e+00
1.698970079421997070e+00
1.698833465576171875e+00
1.698489665985107422e+00
1.698865056037902832e+00
1.698935747146606445e+00
1.699011087417602539e+00
1.698553085327148438e+00
1.698588132858276367e+00
1.698709249496459961e+00
1.698839545249938965e+00
1.698554992675781250e+00
1.698601722717285156e+00
1.698764681816101074e+00
1.698911786079406738e+00
1.698906421661376953e+00
1.698522329330444336e+00
1.698692679405212402e+00
1.699090719223022461e+00
1.698945045471191406e+00
1.698699474334716797e+00
1.698621511459350586e+00
1.698828220367431641e+00
1.699027538299560547e+00
1.698801517486572266e+00
1.698669195175170898e+00
1.698946833610534668e+00
1.699084401130676270e+00
1.698964834213256836e+00
1.698619365692138672e+00
1.698666095733642578e+00
1.698897361755371094e+00
1.698987364768981934e+00
1.698740839958190918e+00
1.698584556579589844e+00
1.698832035064697266e+00
1.699024438858032227e+00
1.698805689811706543e+00
1.698436737060546875e+00
1.698804736137390137e+00
1.698945879936218262e+00
1.698911070823669434e+00
1.698619961738586426e+00
1.698751688003540039e+00
1.698913216590881348e+00
1.698922038078308105e+00
1.698771119117736816e+00
1.698521494865417480e+00
1.698710322380065918e+00
1.698997735977172852e+00
1.698848962783813477e+00
1.698622584342956543e+00
1.698669672012329102e+00
1.698893785476684570e+00
1.699065566062927246e+00
1.698701620101928711e+00
1.698599934577941895e+00
1.698810696601867676e+00
1.699127554893493652e+00
1.698882579803466797e+00
1.698531985282897949e+00
1.698663711547851562e+00
1.699003338813781738e+00
1.698952198028564453e+00
1.698541164398193359e+00
1.698699712753295898e+00
1.698793530464172363e+00
1.698867201805114746e+00
1.698842644691467285e+00
1.698581099510192871e+00
1.698790311813354492e+00
1.698978185653686523e+00
1.699023485183715820e+00
1.698656320571899414e+00
1.698594093322753906e+00
1.698923468589782715e+00
1.699007630348205566e+00
1.698794603347778320e+00
1.698531150817871094e+00
1.698845744132995605e+00
1.699022650718688965e+00
1.698907494544982910e+00
1.698533773422241211e+00
1.698657989501953125e+00
1.699040174484252930e+00
1.698981761932373047e+00
