-8.930242061614990234e-01
-8.930926322937011719e-01
-8.931891322135925293e-01
-8.931589126586914062e-01
-8.930219411849975586e-01
-8.930552005767822266e-01
-8.931539654731750488e-01
-8.931808471679687500e-01
-8.930868506431579590e-01
-8.930262327194213867e-01
-8.931163549423217773e-01
-8.931961655616760254e-01
-8.931260704994201660e-01
-8.929989933967590332e-01
-8.930568099021911621e-01
-8.931741118431091309e-01
-8.931760787963867188e-01
-8.930622935295104980e-01
-8.930484652519226074e-01
-8.931310772895812988e-01
-8.931983709335327148e-01
-8.931351900100708008e-01
-8.930116891860961914e-01
-8.930671811103820801e-01
-8.931852579116821289e-01
-8.931756019592285156e-01
-8.930453658103942871e-01
-8.930414915084838867e-01
-8.931584358215332031e-01
-8.932045698165893555e-01
-8.931148648262023926e-01
-8.930197358131408691e-01
-8.930884599685668945e-01
-8.931952118873596191e-01
-8.931583166122436523e-01
-8.930170536041259766e-01
-8.930430412292480469e-01
-8.931415081024169922e-01
-8.931798934936523438e-01
-8.930931687355041504e-01
-8.930217027664184570e-01
-8.930989503860473633e-01
-8.931921720504760742e-01
-8.931492567062377930e-01
-8.929987549781799316e-01
-8.930546641349792480e-01
-8.931685686111450195e-01
-8.931725621223449707e-01
-8.930662274360656738e-01
-8.930324316024780273e-01
-8.931251168251037598e-01
-8.931861519813537598e-01
-8.931332230567932129e-01
-8.930002450942993164e-01
-8.930823802947998047e-01
-8.931893110275268555e-01
-8.931790590286254883e-01
-8.930413722991943359e-01
-8.930342793464660645e-01
-8.931396603584289551e-01
-8.931825160980224609e-01
-8.931108117103576660e-01
-8.930197954177856445e-01
-8.930700421333312988e-01
-8.931751847267150879e-01
-8.931593298912048340e-01
-8.930098414421081543e-01
-8.930262327194213867e-01
-8.931316733360290527e-01
-8.931733965873718262e-01
-8.930621147155761719e-01
-8.930179476737976074e-01
-8.930968642234802246e-01
-8.931764364242553711e-01
-8.931459188461303711e-01
-8.929858803749084473e-01
-8.930443525314331055e-01
-8.931698203086853027e-01
-8.931772708892822266e-01
-8.930597305297851562e-01
-8.930342793464660645e-01
-8.931177854537963867e-01
-8.931818604469299316e-01
-8.931248784065246582e-01
-8.930113911628723145e-01
-8.930587172508239746e-01
-8.931744098663330078e-01
-8.931778073310852051e-01
-8.930311203002929688e-01
-8.930281996726989746e-01
-8.931313753128051758e-01
-8.931744098663330078e-01
-8.931074738502502441e-01
-8.930140733718872070e-01
-8.930657505989074707e-01
-8.931874036788940430e-01
-8.931617736816406250e-01
-8.930154442787170410e-01
-8.930464386940002441e-01
-8.931524753570556641e-01
-8.931896686553955078e-01
-8.930835723876953125e-01
-8.930233716964721680e-01
-8.930886387825012207e-01
-8.930979371070861816e-01
-8.920555114746093750e-01
-8.910641670227050781e-01
-8.898876309394836426e-01
-8.885114789009094238e-01
-8.872155547142028809e-01
-8.851720094680786133e-01
-8.831724524497985840e-01
-8.806872367858886719e-01
-8.787864446640014648e-01
-8.762761950492858887e-01
-8.741657733917236328e-01
-8.723084330558776855e-01
-8.701199293136596680e-01
-8.675898909568786621e-01
-8.652548789978027344e-01
-8.625214099884033203e-01
-8.601647615432739258e-01
-8.573893308639526367e-01
-8.546926975250244141e-01
-8.519722223281860352e-01
-8.489029407501220703e-01
-8.462511897087097168e-01
-8.432312011718750000e-01
-8.401646018028259277e-01
-8.369593024253845215e-01
-8.337057828903198242e-01
-8.305456638336181641e-01
-8.266286253929138184e-01
-8.228952288627624512e-01
-8.192168474197387695e-01
-8.152748346328735352e-01
-8.114950060844421387e-01
-8.073626756668090820e-01
-8.029025793075561523e-01
-7.986544370651245117e-01
-7.952921390533447266e-01
-7.932939529418945312e-01
-7.931855320930480957e-01
-7.934972047805786133e-01
-7.937004566192626953e-01
-7.930448055267333984e-01
-7.925679683685302734e-01
-7.923989295959472656e-01
-7.922993302345275879e-01
-7.922855615615844727e-01
-7.920812368392944336e-01
-7.919037342071533203e-01
-7.921366095542907715e-01
-7.921281456947326660e-01
-7.919696569442749023e-01
-7.915732264518737793e-01
-7.912082076072692871e-01
-7.908724546432495117e-01
-7.903695702552795410e-01
-7.896704673767089844e-01
-7.890673279762268066e-01
-7.885743975639343262e-01
-7.877964377403259277e-01
-7.867418527603149414e-01
-7.857554554939270020e-01
-7.849621772766113281e-01
-7.835018634796142578e-01
-7.802770137786865234e-01
-7.756597995758056641e-01
-7.701643705368041992e-01
-7.645343542098999023e-01
-7.588668465614318848e-01
-7.529542446136474609e-01
-7.472414374351501465e-01
-7.411473393440246582e-01
-7.351605296134948730e-01
-7.293294072151184082e-01
-7.229942679405212402e-01
-7.167330980300903320e-01
-7.104548811912536621e-01
-7.046217918395996094e-01
-6.982024312019348145e-01
-6.919971108436584473e-01
-6.860938668251037598e-01
-6.799447536468505859e-01
-6.734243035316467285e-01
-6.670684218406677246e-01
-6.614546775817871094e-01
-6.550878286361694336e-01
-6.488880515098571777e-01
-6.425296068191528320e-01
-6.367925405502319336e-01
-6.307526826858520508e-01
-6.245377659797668457e-01
-6.183355450630187988e-01
-6.119101047515869141e-01
-6.061719655990600586e-01
-6.011239886283874512e-01
-5.953312516212463379e-01
-5.891379714012145996e-01
-5.828382372856140137e-01
-5.768245458602905273e-01
-5.706450343132019043e-01
-5.644317269325256348e-01
-5.581420660018920898e-01
-5.517999529838562012e-01
-5.460184812545776367e-01
-5.398793220520019531e-01
-5.331158638000488281e-01
-5.268923640251159668e-01
-5.209679007530212402e-01
-5.149796605110168457e-01
-5.089763998985290527e-01
-5.030115842819213867e-01
-4.973176717758178711e-01
-4.911075234413146973e-01
-4.850018322467803955e-01
-4.791268706321716309e-01
-4.732844531536102295e-01
-4.669358432292938232e-01
-4.603514969348907471e-01
-4.542338848114013672e-01
-4.481653869152069092e-01
-4.423541724681854248e-01
-4.357228577136993408e-01
-4.298186302185058594e-01
-4.236162304878234863e-01
-4.174746572971343994e-01
-4.116360247135162354e-01
-4.055196940898895264e-01
-3.993890285491943359e-01
-3.936842381954193115e-01
-3.873326480388641357e-01
-3.812376558780670166e-01
-3.754280507564544678e-01
-3.691829741001129150e-01
-3.636270761489868164e-01
-3.570920526981353760e-01
-3.509157299995422363e-01
-3.454120457172393799e-01
-3.391981422901153564e-01
-3.333477079868316650e-01
-3.277310132980346680e-01
-3.240030705928802490e-01
-3.233122527599334717e-01
-3.256704211235046387e-01
-3.307289779186248779e-01
-3.332619071006774902e-01
-3.343172669410705566e-01
-3.336199223995208740e-01
-3.333502113819122314e-01
-3.331252634525299072e-01
-3.331703543663024902e-01
-3.332414329051971436e-01
-3.333300352096557617e-01
-3.332566916942596436e-01
-3.331283330917358398e-01
-3.332070112228393555e-01
-3.333266973495483398e-01
-3.333113789558410645e-01
-3.331868350505828857e-01
-3.331666290760040283e-01
-3.332730829715728760e-01
-3.333398997783660889e-01
-3.332118093967437744e-01
-3.331417739391326904e-01
-3.332351446151733398e-01
-3.333107531070709229e-01
-3.332501947879791260e-01
-3.331511318683624268e-01
-3.331851065158843994e-01
-3.332979083061218262e-01
-3.333071172237396240e-01
-3.331820070743560791e-01
-3.331455588340759277e-01
-3.332490921020507812e-01
-3.333116173744201660e-01
-3.332213759422302246e-01
-3.331445455551147461e-01
-3.332098126411437988e-01
-3.333043158054351807e-01
-3.332827985286712646e-01
-3.331729471683502197e-01
-3.331638872623443604e-01
-3.332835435867309570e-01
-3.333261311054229736e-01
-3.331898152828216553e-01
-3.331432938575744629e-01
-3.332600593566894531e-01
-3.333235681056976318e-01
-3.332352340221405029e-01
-3.331395089626312256e-01
-3.331917226314544678e-01
-3.333036005496978760e-01
-3.333011567592620850e-01
-3.331567943096160889e-01
-3.331540524959564209e-01
-3.332620561122894287e-01
-3.333212733268737793e-01
-3.332045078277587891e-01
-3.331355452537536621e-01
-3.332342505455017090e-01
-3.333152532577514648e-01
-3.332526087760925293e-01
-3.331378698348999023e-01
-3.331729769706726074e-01
-3.332943618297576904e-01
-3.333055675029754639e-01
-3.331810534000396729e-01
-3.331450223922729492e-01
-3.332565128803253174e-01
-3.333273231983184814e-01
-3.332185447216033936e-01
-3.331425189971923828e-01
-3.332130908966064453e-01
-3.333307802677154541e-01
-3.332707881927490234e-01
-3.331196010112762451e-01
-3.326950669288635254e-01
-3.330980539321899414e-01
-3.332540392875671387e-01
-3.328340649604797363e-01
-3.321664035320281982e-01
-3.316899538040161133e-01
-3.314887881278991699e-01
-3.311552405357360840e-01
-3.305940330028533936e-01
-3.302190899848937988e-01
-3.305087387561798096e-01
-3.307244181632995605e-01
-3.311657011508941650e-01
-3.309422731399536133e-01
-3.309826850891113281e-01
-3.301177024841308594e-01
-3.295809626579284668e-01
-3.290880918502807617e-01
-3.294039666652679443e-01
-3.294682800769805908e-01
-3.294768929481506348e-01
-3.293682336807250977e-01
-3.293064832687377930e-01
-3.294273018836975098e-01
-3.294847011566162109e-01
-3.294152617454528809e-01
-3.293173015117645264e-01
-3.293642997741699219e-01
-3.294641077518463135e-01
-3.294659554958343506e-01
-3.293458521366119385e-01
-3.293101787567138672e-01
-3.294222354888916016e-01
-3.294724524021148682e-01
-3.293965160846710205e-01
-3.293069005012512207e-01
-3.293744921684265137e-01
-3.294578194618225098e-01
-3.294601738452911377e-01
-3.293363153934478760e-01
-3.293219208717346191e-01
-3.294510841369628906e-01
-3.294815719127655029e-01
-3.293840885162353516e-01
-3.293163180351257324e-01
-3.293903768062591553e-01
-3.294709622859954834e-01
-3.294557929039001465e-01
-3.293294906616210938e-01
-3.293361961841583252e-01
-3.294523656368255615e-01
-3.294691443443298340e-01
-3.293747007846832275e-01
-3.292998671531677246e-01
-3.293949365615844727e-01
-3.294721841812133789e-01
-3.294471800327301025e-01
-3.293294608592987061e-01
-3.293388783931732178e-01
-3.294650018215179443e-01
-3.294712007045745850e-01
-3.286234140396118164e-01
-3.269080221652984619e-01
-3.255467414855957031e-01
-3.239873051643371582e-01
-3.219768404960632324e-01
-3.199991583824157715e-01
-3.184603154659271240e-01
-3.172235786914825439e-01
-3.160471618175506592e-01
-3.144551217555999756e-01
-3.126525580883026123e-01
-3.109703660011291504e-01
-3.088761568069458008e-01
-3.062381148338317871e-01
-3.034834563732147217e-01
-3.008209466934204102e-01
-2.989780902862548828e-01
-2.966161072254180908e-01
-2.941909730434417725e-01
-2.916485667228698730e-01
-2.892442941665649414e-01
-2.866863012313842773e-01
-2.837585806846618652e-01
-2.808037698268890381e-01
-2.776964306831359863e-01
-2.746663987636566162e-01
-2.712973952293395996e-01
-2.680804431438446045e-01
-2.651490867137908936e-01
-2.620941102504730225e-01
-2.594040930271148682e-01
-2.560460269451141357e-01
-2.530588805675506592e-01
-2.499694526195526123e-01
-2.462744563817977905e-01
-2.430438846349716187e-01
-2.395724654197692871e-01
-2.359678596258163452e-01
-2.326746433973312378e-01
-2.289970666170120239e-01
-2.250981181859970093e-01
-2.213642150163650513e-01
-2.178572714328765869e-01
-2.137540727853775024e-01
-2.094754874706268311e-01
-2.055488228797912598e-01
-2.019270062446594238e-01
-1.982839703559875488e-01
-1.940234452486038208e-01
-1.899209022521972656e-01
-1.859214603900909424e-01
-1.818553805351257324e-01
-1.774001717567443848e-01
-1.731559783220291138e-01
-1.687968969345092773e-01
-1.648664623498916626e-01
-1.608454734086990356e-01
-1.562245786190032959e-01
-1.515068560838699341e-01
-1.471073627471923828e-01
-1.424585729837417603e-01
-1.383433789014816284e-01
-1.334362924098968506e-01
-1.285264045000076294e-01
-1.239574179053306580e-01
-1.189560443162918091e-01
-1.142421066761016846e-01
-1.090313270688056946e-01
-1.042566597461700439e-01
-9.958755224943161011e-02
-9.430509060621261597e-02
-8.971620351076126099e-02
-8.570515364408493042e-02
-8.069163560867309570e-02
-7.636349648237228394e-02
-7.159917801618576050e-02
-6.705644726753234863e-02
-6.209314614534378052e-02
-5.786199122667312622e-02
-5.310914292931556702e-02
-4.798962175846099854e-02
-4.394670575857162476e-02
-3.929321467876434326e-02
-3.473761305212974548e-02
-2.927136793732643127e-02
-2.443066798150539398e-02
-1.946291886270046234e-02
-1.410508528351783752e-02
-9.340231306850910187e-03
-4.690400324761867523e-03
-1.060062204487621784e-04
4.796104505658149719e-03
1.020482555031776428e-02
1.557511091232299805e-02
2.091501839458942413e-02
2.531536668539047241e-02
3.013352118432521820e-02
3.511458635330200195e-02
4.064560681581497192e-02
4.533969238400459290e-02
5.077681690454483032e-02
5.629091709852218628e-02
6.271742284297943115e-02
6.769064813852310181e-02
7.236757874488830566e-02
7.711995393037796021e-02
8.199664205312728882e-02
8.596396446228027344e-02
9.023606032133102417e-02
9.553960710763931274e-02
1.003279536962509155e-01
1.053775772452354431e-01
1.105991601943969727e-01
1.157055720686912537e-01
1.210261955857276917e-01
1.267791688442230225e-01
1.322874128818511963e-01
1.372172683477401733e-01
1.423570960760116577e-01
1.473266482353210449e-01
1.524161398410797119e-01
1.569866985082626343e-01
1.619952470064163208e-01
1.670745760202407837e-01
1.720006018877029419e-01
1.765513569116592407e-01
1.811628341674804688e-01
1.855860203504562378e-01
1.902107298374176025e-01
1.952297836542129517e-01
1.999822258949279785e-01
2.052332907915115356e-01
2.103700637817382812e-01
2.154984921216964722e-01
2.201446592807769775e-01
2.252071797847747803e-01
2.305589318275451660e-01
2.354755848646163940e-01
2.409763783216476440e-01
2.454708516597747803e-01
2.504048049449920654e-01
2.559252381324768066e-01
2.608226239681243896e-01
2.657889425754547119e-01
2.705077826976776123e-01
2.756136059761047363e-01
2.804987132549285889e-01
2.853764593601226807e-01
2.903058528900146484e-01
2.955245375633239746e-01
3.007422983646392822e-01
3.067818284034729004e-01
3.109826147556304932e-01
3.152251839637756348e-01
3.197991847991943359e-01
3.252566754817962646e-01
3.307897746562957764e-01
3.353947997093200684e-01
3.401917517185211182e-01
3.457289040088653564e-01
3.504078984260559082e-01
3.555336594581604004e-01
3.600473403930664062e-01
3.648954927921295166e-01
3.701101243495941162e-01
3.747233748435974121e-01
3.798830509185791016e-01
3.848721385002136230e-01
3.902330100536346436e-01
3.941697180271148682e-01
3.993014097213745117e-01
4.042347371578216553e-01
4.097573161125183105e-01
4.148674905300140381e-01
4.201751053333282471e-01
4.253273010253906250e-01
4.301833212375640869e-01
4.357334375381469727e-01
4.406128227710723877e-01
4.450024962425231934e-01
4.503693878650665283e-01
4.556681811809539795e-01
4.614701271057128906e-01
4.665425717830657959e-01
4.713514745235443115e-01
4.767538309097290039e-01
4.814442992210388184e-01
4.864692986011505127e-01
4.912146031856536865e-01
4.968175888061523438e-01
5.014764666557312012e-01
5.066596865653991699e-01
5.111828446388244629e-01
5.157085061073303223e-01
5.205484628677368164e-01
5.254199504852294922e-01
5.302420258522033691e-01
5.353961586952209473e-01
5.404919385910034180e-01
5.453686118125915527e-01
5.500834584236145020e-01
5.548596382141113281e-01
5.600776076316833496e-01
5.650947690010070801e-01
5.699126124382019043e-01
5.744296312332153320e-01
5.794335603713989258e-01
5.841480493545532227e-01
5.893514752388000488e-01
5.937125086784362793e-01
5.988090038299560547e-01
6.036561131477355957e-01
6.086205840110778809e-01
6.132914423942565918e-01
6.176582574844360352e-01
6.227915883064270020e-01
6.273367404937744141e-01
6.318328380584716797e-01
6.364514827728271484e-01
6.410723328590393066e-01
6.457418799400329590e-01
6.507956981658935547e-01
6.552616357803344727e-01
6.596177220344543457e-01
6.643467545509338379e-01
6.690710783004760742e-01
6.739211082458496094e-01
6.783784627914428711e-01
6.828918457031250000e-01
6.874422430992126465e-01
6.922296881675720215e-01
6.970154047012329102e-01
7.015795707702636719e-01
7.060852646827697754e-01
7.108280062675476074e-01
7.152464389801025391e-01
7.201823592185974121e-01
7.246032357215881348e-01
7.292761206626892090e-01
7.338205575942993164e-01
7.385198473930358887e-01
7.431078553199768066e-01
7.478033900260925293e-01
7.525035142898559570e-01
7.566921114921569824e-01
7.611742019653320312e-01
7.662017345428466797e-01
7.704681754112243652e-01
7.753309011459350586e-01
7.802342176437377930e-01
7.850368618965148926e-01
7.893467545509338379e-01
7.941519618034362793e-01
7.985036969184875488e-01
8.031508922576904297e-01
8.081378340721130371e-01
8.130756616592407227e-01
8.173639178276062012e-01
8.221770524978637695e-01
8.270680904388427734e-01
8.317297101020812988e-01
8.365761041641235352e-01
8.410198092460632324e-01
8.456513881683349609e-01
8.502003550529479980e-01
8.549663424491882324e-01
8.595126867294311523e-01
8.629966378211975098e-01
8.644114136695861816e-01
8.629322648048400879e-01
8.600102066993713379e-01
8.585241436958312988e-01
8.585402965545654297e-01
8.589617609977722168e-01
8.589144349098205566e-01
8.587613701820373535e-01
8.587631583213806152e-01
8.589201569557189941e-01
8.589085340499877930e-01
8.588285446166992188e-01
8.587914705276489258e-01
8.588445186614990234e-01
8.589472174644470215e-01
8.588823676109313965e-01
8.587539792060852051e-01
8.587597012519836426e-01
8.589167594909667969e-01
8.588892221450805664e-01
8.587970137596130371e-01
8.587732911109924316e-01
8.588718771934509277e-01
8.589536547660827637e-01
8.588696718215942383e-01
8.587708473205566406e-01
8.587817549705505371e-01
8.589265346527099609e-01
8.588850498199462891e-01
8.587555289268493652e-01
8.587667942047119141e-01
8.589147329330444336e-01
8.589395880699157715e-01
8.588483929634094238e-01
8.587862253189086914e-01
8.588255643844604492e-01
8.589394092559814453e-01
8.588910698890686035e-01
8.587623238563537598e-01
8.587829470634460449e-01
8.589285612106323242e-01
8.589059114456176758e-01
8.588186502456665039e-01
8.587815165519714355e-01
8.588531613349914551e-01
8.589503169059753418e-01
8.588844537734985352e-01
8.587678670883178711e-01
8.587778210639953613e-01
8.589199185371398926e-01
8.588945865631103516e-01
8.587585687637329102e-01
8.587766885757446289e-01
8.588744997978210449e-01
8.589663505554199219e-01
8.588712811470031738e-01
8.587915897369384766e-01
8.588097691535949707e-01
8.589419126510620117e-01
8.588906526565551758e-01
8.587579727172851562e-01
8.587750792503356934e-01
8.589253425598144531e-01
8.589326143264770508e-01
8.588355779647827148e-01
8.587902188301086426e-01
8.588384389877319336e-01
8.589555621147155762e-01
8.588952422142028809e-01
8.587704896926879883e-01
8.587566018104553223e-01
8.589285016059875488e-01
8.589060902595520020e-01
8.588096499443054199e-01
8.587877154350280762e-01
8.588753342628479004e-01
8.589688539505004883e-01
8.588922023773193359e-01
8.587787151336669922e-01
8.587868809700012207e-01
8.589431643486022949e-01
8.589003086090087891e-01
8.587194681167602539e-01
8.598705530166625977e-01
8.601087331771850586e-01
8.605428338050842285e-01
8.607859611511230469e-01
8.609251976013183594e-01
8.609927296638488770e-01
8.610622286796569824e-01
8.610684275627136230e-01
8.610140085220336914e-01
8.615438938140869141e-01
8.620753288269042969e-01
8.618815541267395020e-01
8.621485233306884766e-01
8.619158864021301270e-01
8.622586131095886230e-01
8.621952533721923828e-01
8.623663187026977539e-01
8.623990416526794434e-01
8.628808856010437012e-01
8.630189299583435059e-01
8.631029725074768066e-01
8.634786009788513184e-01
8.635163903236389160e-01
8.640096783638000488e-01
8.642910122871398926e-01
8.642013072967529297e-01
8.646589517593383789e-01
8.652439117431640625e-01
8.650285005569458008e-01
8.650991916656494141e-01
8.650646805763244629e-01
8.651669621467590332e-01
8.650858998298645020e-01
8.649433255195617676e-01
8.647425770759582520e-01
8.647409677505493164e-01
8.652521371841430664e-01
8.649707436561584473e-01
8.647766709327697754e-01
8.650807738304138184e-01
8.651856184005737305e-01
8.652697801589965820e-01
8.651812672615051270e-01
8.650709986686706543e-01
8.647477626800537109e-01
8.652601242065429688e-01
8.652074337005615234e-01
8.650447130203247070e-01
8.650666475296020508e-01
8.652021884918212891e-01
8.649811744689941406e-01
8.651615977287292480e-01
8.650898933410644531e-01
8.651208877563476562e-01
8.653039932250976562e-01
8.649262189865112305e-01
8.650545477867126465e-01
8.650644421577453613e-01
8.652153015136718750e-01
8.649877309799194336e-01
8.647984266281127930e-01
8.650931715965270996e-01
8.648514151573181152e-01
8.652889132499694824e-01
8.652026057243347168e-01
8.647186160087585449e-01
8.650880455970764160e-01
8.652676939964294434e-01
8.649521470069885254e-01
8.647563457489013672e-01
8.647612929344177246e-01
8.651925325393676758e-01
8.652787804603576660e-01
8.649023771286010742e-01
8.647764325141906738e-01
8.651127219200134277e-01
8.653054833412170410e-01
8.649230599403381348e-01
8.650419712066650391e-01
8.650650382041931152e-01
8.651940226554870605e-01
8.649883270263671875e-01
8.651611804962158203e-01
8.651168942451477051e-01
8.648307919502258301e-01
8.653293251991271973e-01
8.652114272117614746e-01
8.647190332412719727e-01
8.650841712951660156e-01
8.652509450912475586e-01
8.649871945381164551e-01
8.647880554199218750e-01
8.647852540016174316e-01
8.651788830757141113e-01
8.650780320167541504e-01
8.649101853370666504e-01
8.650959134101867676e-01
8.650947213172912598e-01
8.649859428405761719e-01
8.652225136756896973e-01
8.650574088096618652e-01
8.647542595863342285e-01
8.651882410049438477e-01
8.652691841125488281e-01
8.651653528213500977e-01
8.650859594345092773e-01
8.651087284088134766e-01
8.652560710906982422e-01
8.652119040489196777e-01
8.647295832633972168e-01
8.650595545768737793e-01
8.652072548866271973e-01
8.652611970901489258e-01
8.651506900787353516e-01
8.651010990142822266e-01
8.651683330535888672e-01
8.652750849723815918e-01
8.649269938468933105e-01
8.650550842285156250e-01
8.650753498077392578e-01
8.649669289588928223e-01
8.649594187736511230e-01
8.650830984115600586e-01
8.650737404823303223e-01
8.651836514472961426e-01
8.650156855583190918e-01
8.648842573165893555e-01
8.650923967361450195e-01
8.651068806648254395e-01
8.652513623237609863e-01
8.649337291717529297e-01
8.650454878807067871e-01
8.650645017623901367e-01
8.651964068412780762e-01
8.652459979057312012e-01
8.649191260337829590e-01
8.649018406867980957e-01
8.654798269271850586e-01
8.652886748313903809e-01
8.653293848037719727e-01
8.653086423873901367e-01
8.652954697608947754e-01
8.659128546714782715e-01
8.660820722579956055e-01
8.660302758216857910e-01
8.659847378730773926e-01
8.662448525428771973e-01
8.662788271903991699e-01
8.662538528442382812e-01
8.662430644035339355e-01
8.660694956779479980e-01
8.660907745361328125e-01
8.659417033195495605e-01
8.657282590866088867e-01
8.656234741210937500e-01
8.657001852989196777e-01
8.654671311378479004e-01
8.656177520751953125e-01
8.652676343917846680e-01
8.652361631393432617e-01
8.650171160697937012e-01
8.646052479743957520e-01
8.649486303329467773e-01
8.647702336311340332e-01
8.647577762603759766e-01
8.648678660392761230e-01
8.645267486572265625e-01
8.641784787178039551e-01
8.641945719718933105e-01
8.642510771751403809e-01
8.637177944183349609e-01
8.634983897209167480e-01
8.635366559028625488e-01
8.633978366851806641e-01
8.631483912467956543e-01
8.627935647964477539e-01
8.626385927200317383e-01
8.626031279563903809e-01
8.626707196235656738e-01
8.622969388961791992e-01
8.619417548179626465e-01
8.617079257965087891e-01
8.615001440048217773e-01
8.614310622215270996e-01
8.613031506538391113e-01
8.610703349113464355e-01
8.610456585884094238e-01
8.608056902885437012e-01
8.604094982147216797e-01
8.600404858589172363e-01
8.598822355270385742e-01
8.597943782806396484e-01
8.595315814018249512e-01
8.591207265853881836e-01
8.588559031486511230e-01
8.585696816444396973e-01
8.578585386276245117e-01
8.574855923652648926e-01
8.570988178253173828e-01
8.573166131973266602e-01
8.572711348533630371e-01
8.575471043586730957e-01
8.561134934425354004e-01
8.558489084243774414e-01
8.553924560546875000e-01
8.546382188796997070e-01
8.540619611740112305e-01
8.538890480995178223e-01
8.536023497581481934e-01
8.531013727188110352e-01
8.526970744132995605e-01
8.520767092704772949e-01
8.515137434005737305e-01
8.509755730628967285e-01
8.504137396812438965e-01
8.494101762771606445e-01
8.492454290390014648e-01
8.486447930335998535e-01
8.479317426681518555e-01
8.473701477050781250e-01
8.469883799552917480e-01
8.465942144393920898e-01
8.461220264434814453e-01
8.453479409217834473e-01
8.447607755661010742e-01
8.441683650016784668e-01
8.437134027481079102e-01
8.431991338729858398e-01
8.423172235488891602e-01
8.414054512977600098e-01
8.407990932464599609e-01
8.402031660079956055e-01
8.397604823112487793e-01
8.392705321311950684e-01
8.384060263633728027e-01
8.378781676292419434e-01
8.374826312065124512e-01
8.369743824005126953e-01
8.364650011062622070e-01
8.360552787780761719e-01
8.363311886787414551e-01
8.364699482917785645e-01
8.365433812141418457e-01
8.365202546119689941e-01
8.364598155021667480e-01
8.364113569259643555e-01
8.363808989524841309e-01
8.365280032157897949e-01
8.365373611450195312e-01
8.364366292953491211e-01
8.363789319992065430e-01
8.365060687065124512e-01
8.365747332572937012e-01
8.365002870559692383e-01
8.364131450653076172e-01
8.364208340644836426e-01
8.365526199340820312e-01
8.365342617034912109e-01
8.364129066467285156e-01
8.363618850708007812e-01
8.365171551704406738e-01
8.365464806556701660e-01
8.364740014076232910e-01
8.363753557205200195e-01
8.364828228950500488e-01
8.365634679794311523e-01
8.365113735198974609e-01
8.364213109016418457e-01
8.364189863204956055e-01
8.365468978881835938e-01
8.365584015846252441e-01
8.364511132240295410e-01
8.363817334175109863e-01
8.365296721458435059e-01
8.365806937217712402e-01
8.364956378936767578e-01
8.364026546478271484e-01
8.364413380622863770e-01
8.365569114685058594e-01
8.365335464477539062e-01
8.364214897155761719e-01
8.363869190216064453e-01
8.365321159362792969e-01
8.365677595138549805e-01
8.364298343658447266e-01
8.365859985351562500e-01
8.369344472885131836e-01
8.372619152069091797e-01
8.370726108551025391e-01
8.374770283699035645e-01
8.379260301589965820e-01
8.383207321166992188e-01
8.386105298995971680e-01
8.388311266899108887e-01
8.389998674392700195e-01
8.397118449211120605e-01
8.404524922370910645e-01
8.411736488342285156e-01
8.428201675415039062e-01
8.418949246406555176e-01
8.419941663742065430e-01
8.422624468803405762e-01
8.419780731201171875e-01
8.420351743698120117e-01
8.421736955642700195e-01
8.421548604965209961e-01
8.420074582099914551e-01
8.419532179832458496e-01
8.421415686607360840e-01
8.421700000762939453e-01
8.420892357826232910e-01
8.419956564903259277e-01
8.420957922935485840e-01
8.421588540077209473e-01
8.421401977539062500e-01
8.419746160507202148e-01
8.420024514198303223e-01
8.421829342842102051e-01
8.421108126640319824e-01
8.420050740242004395e-01
8.419911861419677734e-01
8.421174883842468262e-01
8.421578407287597656e-01
8.420538306236267090e-01
8.419836759567260742e-01
8.421079516410827637e-01
8.422010540962219238e-01
8.421496748924255371e-01
8.420017957687377930e-01
8.419871926307678223e-01
8.421607613563537598e-01
8.421388268470764160e-01
8.420075774192810059e-01
8.419667482376098633e-01
8.421635627746582031e-01
8.421685099601745605e-01
8.420576453208923340e-01
8.419770598411560059e-01
8.420415520668029785e-01
8.421867489814758301e-01
8.420934081077575684e-01
8.419897556304931641e-01
8.419712185859680176e-01
8.421719074249267578e-01
8.421432375907897949e-01
8.420816659927368164e-01
8.420211076736450195e-01
8.421279788017272949e-01
8.422063589096069336e-01
8.421407938003540039e-01
8.420360684394836426e-01
8.420255780220031738e-01
8.421371579170227051e-01
8.421473503112792969e-01
8.420520424842834473e-01
8.419672250747680664e-01
8.421091437339782715e-01
8.421989083290100098e-01
8.420810699462890625e-01
8.419923782348632812e-01
8.420536518096923828e-01
8.421441912651062012e-01
8.417228460311889648e-01
8.410038352012634277e-01
8.398305773735046387e-01
8.386319875717163086e-01
8.371320962905883789e-01
8.351912498474121094e-01
8.329829573631286621e-01
8.307926058769226074e-01
8.291391730308532715e-01
8.272292017936706543e-01
8.250879049301147461e-01
8.229519128799438477e-01
8.209016919136047363e-01
8.188009262084960938e-01
8.165125846862792969e-01
8.143739104270935059e-01
8.122931718826293945e-01
8.102680444717407227e-01
8.079349994659423828e-01
8.059064149856567383e-01
8.038672804832458496e-01
8.018058538436889648e-01
7.996283173561096191e-01
7.972233295440673828e-01
7.947735190391540527e-01
7.923084497451782227e-01
7.899087071418762207e-01
7.879846692085266113e-01
7.855923175811767578e-01
7.833375334739685059e-01
7.810620665550231934e-01
7.791401147842407227e-01
7.778868675231933594e-01
7.762519717216491699e-01
7.745785117149353027e-01
7.726870179176330566e-01
7.706361413002014160e-01
7.686693668365478516e-01
7.665616869926452637e-01
7.648152709007263184e-01
7.625831365585327148e-01
7.604000568389892578e-01
7.585423588752746582e-01
7.568300366401672363e-01
7.547945976257324219e-01
7.529464960098266602e-01
7.515446543693542480e-01
7.491482496261596680e-01
7.474635839462280273e-01
7.460727691650390625e-01
7.443538904190063477e-01
7.423250675201416016e-01
7.407029867172241211e-01
7.388322949409484863e-01
7.370494008064270020e-01
7.352043986320495605e-01
7.333852052688598633e-01
7.315731048583984375e-01
7.297853231430053711e-01
7.273396253585815430e-01
7.253340482711791992e-01
7.239880561828613281e-01
7.217783331871032715e-01
7.194144725799560547e-01
7.174746990203857422e-01
7.160245776176452637e-01
7.146645188331604004e-01
7.126222252845764160e-01
7.108062505722045898e-01
7.092323899269104004e-01
7.077640891075134277e-01
7.063454389572143555e-01
7.044054865837097168e-01
7.023926377296447754e-01
7.009438872337341309e-01
6.994635462760925293e-01
6.978486776351928711e-01
6.961881518363952637e-01
6.946521997451782227e-01
6.933010220527648926e-01
6.929770708084106445e-01
6.929940581321716309e-01
6.933664083480834961e-01
6.937667727470397949e-01
6.935994625091552734e-01
6.936362385749816895e-01
6.935271024703979492e-01
6.935988068580627441e-01
6.936914920806884766e-01
6.936150193214416504e-01
6.935387253761291504e-01
6.935200095176696777e-01
6.936642527580261230e-01
6.936879158020019531e-01
6.935984492301940918e-01
6.935395002365112305e-01
6.936317682266235352e-01
6.936900019645690918e-01
6.936161518096923828e-01
6.935302615165710449e-01
6.935538649559020996e-01
6.936725974082946777e-01
6.936436295509338379e-01
6.935603022575378418e-01
6.935551762580871582e-01
6.936923861503601074e-01
6.937031745910644531e-01
6.936275959014892578e-01
6.935488581657409668e-01
6.936215162277221680e-01
6.936944723129272461e-01
6.936274170875549316e-01
6.935311555862426758e-01
6.935347318649291992e-01
6.936616301536560059e-01
6.936613917350769043e-01
6.935760378837585449e-01
6.935308575630187988e-01
6.936594843864440918e-01
6.937100887298583984e-01
6.936263442039489746e-01
6.935383677482604980e-01
6.935737133026123047e-01
6.936760544776916504e-01
6.936281323432922363e-01
6.935296058654785156e-01
6.935203075408935547e-01
6.936633586883544922e-01
6.936885714530944824e-01
6.936091184616088867e-01
6.935273408889770508e-01
6.935968399047851562e-01
6.936803460121154785e-01
6.936258077621459961e-01
6.935382485389709473e-01
6.935502886772155762e-01
6.934663653373718262e-01
6.931778788566589355e-01
6.932104825973510742e-01
6.932353973388671875e-01
6.933143138885498047e-01
6.933363676071166992e-01
6.932679414749145508e-01
6.932134628295898438e-01
6.932091116905212402e-01
6.933450698852539062e-01
6.933006048202514648e-01
6.932301521301269531e-01
6.931726336479187012e-01
6.933310031890869141e-01
6.933422684669494629e-01
6.932923197746276855e-01
6.931917667388916016e-01
6.932201981544494629e-01
6.933370232582092285e-01
6.932985186576843262e-01
6.932114958763122559e-01
6.931631565093994141e-01
6.933323740959167480e-01
6.933363080024719238e-01
6.932680606842041016e-01
6.931738257408142090e-01
6.932904124259948730e-01
6.933630704879760742e-01
6.933337450027465820e-01
6.932578086853027344e-01
6.932114958763122559e-01
6.933833956718444824e-01
6.933599114418029785e-01
6.932837963104248047e-01
6.932073235511779785e-01
6.933524012565612793e-01
6.933711171150207520e-01
6.933324337005615234e-01
6.932289600372314453e-01
6.932581067085266113e-01
6.933670043945312500e-01
6.933678388595581055e-01
6.932657957077026367e-01
6.932201981544494629e-01
6.933584809303283691e-01
6.934018731117248535e-01
6.933252215385437012e-01
6.932279467582702637e-01
6.933053135871887207e-01
6.933809518814086914e-01
6.933609247207641602e-01
6.932449340820312500e-01
6.932172179222106934e-01
6.933740973472595215e-01
6.933856606483459473e-01
6.932848095893859863e-01
6.932190656661987305e-01
6.933493614196777344e-01
6.933836936950683594e-01
6.933550238609313965e-01
6.932416558265686035e-01
6.932551860809326172e-01
6.933656930923461914e-01
6.933615207672119141e-01
6.932687759399414062e-01
6.932044029235839844e-01
6.933729052543640137e-01
6.934058070182800293e-01
6.933231949806213379e-01
6.932266354560852051e-01
6.933001279830932617e-01
6.933837532997131348e-01
6.933650374412536621e-01
6.932494044303894043e-01
6.932195425033569336e-01
6.933777928352355957e-01
6.933807134628295898e-01
6.932942271232604980e-01
6.932137608528137207e-01
6.933509111404418945e-01
6.933900713920593262e-01
6.933510303497314453e-01
6.932486891746520996e-01
6.932522058486938477e-01
6.933578252792358398e-01
6.932540535926818848e-01
6.932046413421630859e-01
6.931285858154296875e-01
6.933503150939941406e-01
6.937099695205688477e-01
6.939446926116943359e-01
6.945319771766662598e-01
6.950257420539855957e-01
6.956873536109924316e-01
6.963501572608947754e-01
6.964133381843566895e-01
6.973760724067687988e-01
6.976653337478637695e-01
6.982367038726806641e-01
6.985704898834228516e-01
6.990492939949035645e-01
6.998628973960876465e-01
7.004944086074829102e-01
7.004619240760803223e-01
7.010989189147949219e-01
7.015135288238525391e-01
7.013641595840454102e-01
7.008966207504272461e-01
7.007653713226318359e-01
7.012828588485717773e-01
7.014337182044982910e-01
7.013887166976928711e-01
7.007898688316345215e-01
7.012620568275451660e-01
7.013700604438781738e-01
7.013934850692749023e-01
7.008174061775207520e-01
7.007716894149780273e-01
7.013394236564636230e-01
7.014212012290954590e-01
7.013708949089050293e-01
7.007860541343688965e-01
7.012506127357482910e-01
7.013845443725585938e-01
7.013947963714599609e-01
7.012636661529541016e-01
7.012193799018859863e-01
7.013654708862304688e-01
7.014117836952209473e-01
7.013247609138488770e-01
7.007811665534973145e-01
7.012867927551269531e-01
7.013983130455017090e-01
7.013773322105407715e-01
7.007723450660705566e-01
7.007471919059753418e-01
7.013603448867797852e-01
7.014101147651672363e-01
7.008197903633117676e-01
7.007673978805541992e-01
7.013437747955322266e-01
7.014122605323791504e-01
7.013714909553527832e-01
7.007908821105957031e-01
7.012420296669006348e-01
7.013826966285705566e-01
7.013978958129882812e-01
7.012820839881896973e-01
7.012336254119873047e-01
7.013605237007141113e-01
7.014249563217163086e-01
7.013540267944335938e-01
7.007789015769958496e-01
7.012659907341003418e-01
7.013854384422302246e-01
7.013916969299316406e-01
7.007857561111450195e-01
7.012153267860412598e-01
7.013618350028991699e-01
7.014095187187194824e-01
7.013263702392578125e-01
7.007772922515869141e-01
7.012814879417419434e-01
7.013897299766540527e-01
7.013843655586242676e-01
7.007747888565063477e-01
7.012271285057067871e-01
7.013673782348632812e-01
7.014311552047729492e-01
7.008212804794311523e-01
7.012273669242858887e-01
7.013282179832458496e-01
7.014064788818359375e-01
7.013603448867797852e-01
7.007820606231689453e-01
7.012436985969543457e-01
7.013694047927856445e-01
7.013816833496093750e-01
7.007858157157897949e-01
7.007364630699157715e-01
7.013460993766784668e-01
7.014077305793762207e-01
7.013339996337890625e-01
7.007763981819152832e-01
7.012677192687988281e-01
7.013816833496093750e-01
7.013891339302062988e-01
7.007727622985839844e-01
7.012187242507934570e-01
7.013618946075439453e-01
7.014070153236389160e-01
7.008281946182250977e-01
7.007624506950378418e-01
7.012977600097656250e-01
7.013981938362121582e-01
7.013641595840454102e-01
7.007678151130676270e-01
7.012132406234741211e-01
7.013604044914245605e-01
7.013859748840332031e-01
7.012744545936584473e-01
7.012213468551635742e-01
7.013319134712219238e-01
7.014105916023254395e-01
7.013537883758544922e-01
7.007714509963989258e-01
7.007880806922912598e-01
7.013772130012512207e-01
7.006729245185852051e-01
6.984319686889648438e-01
6.946473121643066406e-01
6.909623146057128906e-01
6.866707205772399902e-01
6.819805502891540527e-01
6.768254041671752930e-01
6.717591285705566406e-01
6.667349934577941895e-01
6.618569493293762207e-01
6.565408110618591309e-01
6.511895656585693359e-01
6.463176012039184570e-01
6.412903070449829102e-01
6.361050009727478027e-01
6.309502124786376953e-01
6.260599493980407715e-01
6.211160421371459961e-01
6.161485910415649414e-01
6.109283566474914551e-01
6.054124236106872559e-01
6.002556681632995605e-01
5.950643420219421387e-01
5.899230837821960449e-01
5.844612121582031250e-01
5.790997147560119629e-01
5.742876529693603516e-01
5.690823793411254883e-01
5.636467337608337402e-01
5.580741167068481445e-01
5.528718829154968262e-01
5.479340553283691406e-01
5.429218411445617676e-01
5.373909473419189453e-01
5.344151258468627930e-01
5.303469896316528320e-01
5.252150893211364746e-01
5.203962326049804688e-01
5.163334012031555176e-01
5.067356228828430176e-01
5.019806623458862305e-01
4.969108700752258301e-01
4.924431145191192627e-01
4.874396324157714844e-01
4.827570319175720215e-01
4.780395627021789551e-01
4.733088612556457520e-01
4.689258337020874023e-01
4.640673100948333740e-01
4.587134122848510742e-01
4.541477560997009277e-01
4.492205083370208740e-01
4.438876211643218994e-01
4.391912221908569336e-01
4.338782131671905518e-01
4.290270805358886719e-01
4.236068129539489746e-01
4.198173880577087402e-01
4.191019833087921143e-01
4.221512973308563232e-01
4.240869879722595215e-01
4.256064593791961670e-01
4.261043369770050049e-01
4.257575273513793945e-01
4.261400997638702393e-01
4.261381626129150391e-01
4.258630573749542236e-01
4.259764254093170166e-01
4.260816872119903564e-01
4.260690808296203613e-01
4.260667264461517334e-01
4.259282648563385010e-01
4.260257184505462646e-01
4.261055588722229004e-01
4.260658919811248779e-01
4.259811043739318848e-01
4.259225726127624512e-01
4.260709583759307861e-01
4.260731637477874756e-01
4.259776771068572998e-01
4.259123504161834717e-01
4.260096549987792969e-01
4.260857403278350830e-01
4.260204732418060303e-01
4.259238839149475098e-01
4.259710609912872314e-01
4.260677993297576904e-01
4.260747730731964111e-01
4.259502887725830078e-01
4.259173870086669922e-01
4.260624051094055176e-01
4.260821044445037842e-01
4.260307848453521729e-01
4.259435534477233887e-01
4.259965121746063232e-01
4.260869324207305908e-01
4.260665774345397949e-01
4.259435534477233887e-01
4.259207844734191895e-01
4.260550439357757568e-01
4.260838329792022705e-01
4.257483780384063721e-01
4.252834618091583252e-01
4.252136349678039551e-01
4.256955683231353760e-01
4.260581731796264648e-01
4.265878200531005859e-01
4.268573224544525146e-01
4.277295768260955811e-01
4.275101721286773682e-01
4.276345670223236084e-01
4.276666939258575439e-01
4.272442460060119629e-01
4.272503554821014404e-01
4.269106388092041016e-01
4.260721206665039062e-01
4.258050322532653809e-01
4.256834387779235840e-01
4.252726435661315918e-01
4.251042604446411133e-01
4.242700934410095215e-01
4.239341020584106445e-01
4.231780171394348145e-01
4.223128259181976318e-01
4.220798611640930176e-01
4.219521582126617432e-01
4.216704666614532471e-01
4.211405813694000244e-01
4.203163385391235352e-01
4.198669493198394775e-01
4.194636046886444092e-01
4.191494286060333252e-01
4.184252917766571045e-01
4.181625545024871826e-01
4.177631437778472900e-01
4.172942936420440674e-01
4.169331789016723633e-01
4.164653718471527100e-01
4.160488247871398926e-01
4.157005846500396729e-01
4.151545166969299316e-01
4.145817458629608154e-01
4.142768979072570801e-01
4.138702154159545898e-01
4.137180149555206299e-01
4.135130345821380615e-01
4.130427837371826172e-01
4.131072163581848145e-01
4.131936132907867432e-01
4.132586419582366943e-01
4.131995439529418945e-01
4.131234288215637207e-01
4.130801558494567871e-01
4.132547676563262939e-01
4.132635891437530518e-01
4.131650030612945557e-01
4.130866825580596924e-01
4.131848216056823730e-01
4.132659733295440674e-01
4.132226705551147461e-01
4.131283462047576904e-01
4.131079912185668945e-01
4.132512509822845459e-01
4.132509529590606689e-01
4.131474494934082031e-01
4.130917489528656006e-01
4.132246077060699463e-01
4.132794737815856934e-01
4.131904244422912598e-01
4.131208956241607666e-01
4.131509959697723389e-01
4.132640957832336426e-01
4.132521152496337891e-01
4.131299257278442383e-01
4.130880832672119141e-01
4.132427275180816650e-01
4.132672548294067383e-01
4.131663739681243896e-01
4.130955934524536133e-01
4.131896495819091797e-01
4.132674634456634521e-01
4.132162332534790039e-01
4.131222963333129883e-01
4.131026268005371094e-01
4.132504165172576904e-01
4.132469594478607178e-01
4.131362140178680420e-01
4.130724072456359863e-01
4.132161736488342285e-01
4.132657945156097412e-01
4.131857156753540039e-01
4.131153523921966553e-01
4.131473898887634277e-01
4.132625460624694824e-01
4.132407903671264648e-01
4.131281375885009766e-01
4.130702614784240723e-01
4.132402539253234863e-01
4.132631719112396240e-01
4.131516814231872559e-01
4.130927622318267822e-01
4.131906330585479736e-01
4.132641255855560303e-01
4.132148623466491699e-01
4.131210446357727051e-01
4.131104648113250732e-01
4.132498502731323242e-01
4.132806360721588135e-01
4.127598702907562256e-01
4.122736155986785889e-01
4.117750525474548340e-01
4.113402962684631348e-01
4.108011424541473389e-01
4.098841249942779541e-01
4.095764756202697754e-01
4.089469909667968750e-01
4.084071218967437744e-01
4.075428545475006104e-01
4.067488908767700195e-01
4.063962399959564209e-01
4.059177339076995850e-01
4.048160314559936523e-01
4.037690460681915283e-01
4.034015238285064697e-01
4.022670388221740723e-01
4.013206064701080322e-01
4.007477164268493652e-01
3.996884226799011230e-01
3.989968299865722656e-01
3.978605866432189941e-01
3.964368999004364014e-01
3.956286311149597168e-01
3.939352929592132568e-01
3.927097320556640625e-01
3.923085927963256836e-01
3.908495008945465088e-01
3.890950977802276611e-01
3.877943754196166992e-01
3.864657878875732422e-01
3.854512870311737061e-01
3.843853771686553955e-01
3.831717669963836670e-01
3.815284371376037598e-01
3.803996741771697998e-01
3.790511488914489746e-01
3.778308928012847900e-01
3.763844966888427734e-01
3.752816319465637207e-01
3.736099004745483398e-01
3.725006282329559326e-01
3.710024058818817139e-01
3.698257505893707275e-01
3.689603507518768311e-01
3.670911788940429688e-01
3.661282658576965332e-01
3.649822771549224854e-01
3.632273077964782715e-01
3.619650304317474365e-01
3.604111671447753906e-01
3.589953184127807617e-01
3.576459884643554688e-01
3.559899926185607910e-01
3.544928431510925293e-01
3.530915379524230957e-01
3.513742983341217041e-01
3.496493697166442871e-01
3.482202589511871338e-01
3.468133211135864258e-01
3.451955318450927734e-01
3.433566987514495850e-01
3.413031101226806641e-01
3.395699262619018555e-01
3.381630778312683105e-01
3.365674018859863281e-01
3.347362577915191650e-01
3.328074514865875244e-01
3.310149013996124268e-01
3.291920721530914307e-01
3.273991942405700684e-01
3.258469104766845703e-01
3.241083621978759766e-01
3.221003413200378418e-01
3.199028074741363525e-01
3.174474835395812988e-01
3.158019185066223145e-01
3.139784634113311768e-01
3.117663264274597168e-01
3.094770610332489014e-01
3.073621690273284912e-01
3.055182099342346191e-01
3.046771585941314697e-01
3.046412765979766846e-01
3.059002161026000977e-01
3.070071935653686523e-01
3.075999915599822998e-01
3.073881566524505615e-01
3.071767687797546387e-01
3.071996271610260010e-01
3.073926270008087158e-01
3.073501884937286377e-01
3.072682321071624756e-01
3.072184920310974121e-01
3.073680996894836426e-01
3.073847293853759766e-01
3.073149025440216064e-01
3.072319328784942627e-01
3.072684705257415771e-01
3.073822855949401855e-01
3.073588311672210693e-01
3.072377443313598633e-01
3.072297275066375732e-01
3.073570132255554199e-01
3.073779046535491943e-01
3.072798252105712891e-01
3.072289526462554932e-01
3.073019385337829590e-01
3.073634505271911621e-01
3.073259592056274414e-01
3.072269260883331299e-01
3.072304129600524902e-01
3.073520660400390625e-01
3.073498904705047607e-01
3.072479963302612305e-01
3.072219192981719971e-01
3.073266446590423584e-01
3.073717653751373291e-01
3.072989284992218018e-01
3.072184026241302490e-01
3.072549998760223389e-01
3.073777258396148682e-01
3.073500692844390869e-01
3.072357773780822754e-01
3.072206676006317139e-01
3.073495924472808838e-01
3.073821663856506348e-01
3.072751462459564209e-01
3.072239756584167480e-01
3.072952926158905029e-01
3.073724806308746338e-01
3.073265552520751953e-01
3.072285652160644531e-01
3.072327673435211182e-01
3.073642253875732422e-01
3.073667585849761963e-01
3.072515130043029785e-01
3.072245717048645020e-01
3.073374330997467041e-01
3.073793351650238037e-01
3.072940707206726074e-01
3.072254061698913574e-01
3.072715997695922852e-01
3.073698282241821289e-01
3.073522448539733887e-01
3.072429299354553223e-01
3.072320222854614258e-01
3.073751330375671387e-01
3.073895275592803955e-01
3.072792589664459229e-01
3.072297573089599609e-01
3.073006868362426758e-01
3.073704838752746582e-01
3.073211908340454102e-01
3.072291314601898193e-01
3.072399199008941650e-01
3.073706924915313721e-01
3.073827624320983887e-01
3.072678148746490479e-01
3.072215616703033447e-01
3.073264658451080322e-01
3.073827028274536133e-01
3.073098361492156982e-01
3.072136342525482178e-01
3.072394728660583496e-01
3.073730468750000000e-01
3.073587119579315186e-01
3.072441816329956055e-01
3.071487843990325928e-01
3.072902262210845947e-01
3.073668777942657471e-01
3.078438043594360352e-01
3.081622421741485596e-01
3.084311485290527344e-01
3.092530369758605957e-01
3.092681467533111572e-01
3.095074594020843506e-01
3.097009956836700439e-01
3.104522526264190674e-01
3.104319572448730469e-01
3.107059895992279053e-01
3.113213777542114258e-01
3.122501671314239502e-01
3.124509453773498535e-01
3.129294514656066895e-01
3.133657276630401611e-01
3.141936063766479492e-01
3.146540820598602295e-01
3.153935968875885010e-01
3.157913386821746826e-01
3.160595595836639404e-01
3.169026970863342285e-01
3.174402415752410889e-01
3.178369402885437012e-01
3.180795311927795410e-01
3.188862204551696777e-01
3.196100890636444092e-01
3.198964297771453857e-01
3.206206858158111572e-01
3.212681710720062256e-01
3.212056159973144531e-01
3.211499154567718506e-01
3.211792409420013428e-01
3.211495578289031982e-01
3.212869167327880859e-01
3.213144838809967041e-01
3.211137652397155762e-01
3.211630284786224365e-01
3.212530016899108887e-01
3.212928175926208496e-01
3.212168216705322266e-01
3.211125433444976807e-01
3.211864531040191650e-01
3.213034272193908691e-01
3.212592899799346924e-01
3.211561739444732666e-01
3.211546540260314941e-01
3.212516605854034424e-01
3.212836682796478271e-01
3.211531937122344971e-01
3.211047947406768799e-01
3.212243020534515381e-01
3.212847411632537842e-01
3.212164938449859619e-01
3.211094737052917480e-01
3.211634159088134766e-01
3.212964236736297607e-01
3.212746381759643555e-01
3.211403489112854004e-01
3.211454153060913086e-01
3.212486505508422852e-01
3.212911188602447510e-01
3.211966454982757568e-01
3.211201727390289307e-01
3.212062418460845947e-01
3.212839961051940918e-01
3.212501704692840576e-01
3.211507797241210938e-01
3.211486041545867920e-01
3.212625384330749512e-01
3.212874829769134521e-01
3.211564123630523682e-01
3.211182951927185059e-01
3.212365210056304932e-01
3.213024437427520752e-01
3.212083578109741211e-01
3.211134076118469238e-01
3.211732208728790283e-01
3.212976157665252686e-01
3.212606906890869141e-01
3.211250901222229004e-01
3.211282193660736084e-01
3.212358951568603516e-01
3.196330070495605469e-01
3.172632753849029541e-01
3.145276010036468506e-01
3.117373883724212646e-01
3.089310228824615479e-01
3.056671023368835449e-01
3.021454215049743652e-01
2.985149323940277100e-01
2.954839766025543213e-01
2.918869853019714355e-01
2.882866263389587402e-01
2.847047746181488037e-01
2.814447283744812012e-01
2.777945995330810547e-01
2.747379541397094727e-01
2.706702351570129395e-01
2.670711874961853027e-01
2.636994123458862305e-01
2.600233852863311768e-01
2.562045156955718994e-01
2.526988387107849121e-01
2.487940192222595215e-01
2.450653463602066040e-01
2.413624525070190430e-01
2.374227941036224365e-01
2.332831472158432007e-01
2.294971048831939697e-01
2.253019511699676514e-01
2.212542891502380371e-01
2.173205763101577759e-01
2.130993306636810303e-01
2.093260735273361206e-01
2.045987695455551147e-01
2.001259624958038330e-01
1.962168812751770020e-01
1.915573924779891968e-01
1.870511323213577271e-01
1.821175515651702881e-01
1.778468489646911621e-01
1.735676229000091553e-01
1.688083559274673462e-01
1.644366532564163208e-01
1.594339311122894287e-01
1.546332836151123047e-01
1.491625756025314331e-01
1.433824896812438965e-01
1.384211629629135132e-01
1.336304396390914917e-01
1.285208314657211304e-01
1.233438774943351746e-01
1.191077977418899536e-01
1.148037388920783997e-01
1.099117323756217957e-01
1.047636568546295166e-01
9.960579127073287964e-02
9.480983763933181763e-02
8.980052918195724487e-02
8.434075862169265747e-02
7.893376797437667847e-02
7.368571311235427856e-02
6.849522888660430908e-02
6.322954595088958740e-02
5.763145536184310913e-02
5.251834169030189514e-02
4.743746668100357056e-02
4.192446544766426086e-02
3.679383918642997742e-02
3.137861937284469604e-02
2.620256133377552032e-02
2.095992118120193481e-02
1.601412333548069000e-02
1.080374047160148621e-02
5.492076277732849121e-03
1.682011061348021030e-04
-5.268206354230642319e-03
-1.015190407633781433e-02
-1.579761505126953125e-02
-2.128260396420955658e-02
-2.598240226507186890e-02
-3.125138208270072937e-02
-3.695802390575408936e-02
-4.208841919898986816e-02
-4.732893779873847961e-02
-5.204027891159057617e-02
-5.731564760208129883e-02
-6.224799156188964844e-02
-6.725060194730758667e-02
-7.175733149051666260e-02
-7.733990997076034546e-02
-8.323231339454650879e-02
-8.852121978998184204e-02
-9.365002065896987915e-02
-9.934139996767044067e-02
-1.048289686441421509e-01
-1.104178577661514282e-01
-1.158014312386512756e-01
-1.215591654181480408e-01
-1.276225149631500244e-01
-1.331322491168975830e-01
-1.382731050252914429e-01
-1.435417234897613525e-01
-1.489321440458297729e-01
-1.543202102184295654e-01
-1.597231924533843994e-01
-1.650899350643157959e-01
-1.702670603990554810e-01
-1.752494573593139648e-01
-1.806222647428512573e-01
-1.856919229030609131e-01
-1.906915158033370972e-01
-1.961316168308258057e-01
-2.015231102705001831e-01
-2.064197063446044922e-01
-2.118801772594451904e-01
-2.173546254634857178e-01
-2.228824198246002197e-01
-2.286413460969924927e-01
-2.339712977409362793e-01
-2.395975887775421143e-01
-2.453483045101165771e-01
-2.511442601680755615e-01
-2.565901875495910645e-01
-2.621115148067474365e-01
-2.676014602184295654e-01
-2.735857665538787842e-01
-2.796746790409088135e-01
-2.848456203937530518e-01
-2.904797494411468506e-01
-2.961863279342651367e-01
-3.020383417606353760e-01
-3.079403042793273926e-01
-3.133101761341094971e-01
-3.187522888183593750e-01
-3.246191143989562988e-01
-3.298238813877105713e-01
-3.351591825485229492e-01
-3.403965234756469727e-01
-3.462319970130920410e-01
-3.519800305366516113e-01
-3.572180569171905518e-01
-3.622705638408660889e-01
-3.682453036308288574e-01
-3.737305998802185059e-01
-3.791266679763793945e-01
-3.844989240169525146e-01
-3.901625275611877441e-01
-3.962840735912322998e-01
-4.018628895282745361e-01
-4.072214365005493164e-01
-4.128670692443847656e-01
-4.182460606098175049e-01
-4.238844215869903564e-01
-4.292972981929779053e-01
-4.344110190868377686e-01
-4.397974014282226562e-01
-4.456592500209808350e-01
-4.513690471649169922e-01
-4.564835131168365479e-01
-4.620933532714843750e-01
-4.677033424377441406e-01
-4.735592603683471680e-01
-4.788356721401214600e-01
-4.846352338790893555e-01
-4.896916747093200684e-01
-4.955532550811767578e-01
-5.004136562347412109e-01
-5.062320232391357422e-01
-5.114526152610778809e-01
-5.164560675621032715e-01
-5.221258997917175293e-01
-5.271455645561218262e-01
-5.322064757347106934e-01
-5.379458665847778320e-01
-5.433136820793151855e-01
-5.487396121025085449e-01
-5.539095401763916016e-01
-5.591990947723388672e-01
-5.649257302284240723e-01
-5.701942443847656250e-01
-5.752357244491577148e-01
-5.804606080055236816e-01
-5.858964323997497559e-01
-5.914795398712158203e-01
-5.967378020286560059e-01
-6.020398139953613281e-01
-6.077265143394470215e-01
-6.129882335662841797e-01
-6.183170676231384277e-01
-6.232860684394836426e-01
-6.285583972930908203e-01
-6.337459087371826172e-01
-6.393024325370788574e-01
-6.444621086120605469e-01
-6.497630476951599121e-01
-6.548615097999572754e-01
-6.601127982139587402e-01
-6.648210287094116211e-01
-6.703276634216308594e-01
-6.754361391067504883e-01
-6.808696985244750977e-01
-6.862660646438598633e-01
-6.917117238044738770e-01
-6.962316036224365234e-01
-7.021245360374450684e-01
-7.075384259223937988e-01
-7.127318978309631348e-01
-7.178905010223388672e-01
-7.233209013938903809e-01
-7.291268706321716309e-01
-7.345536351203918457e-01
-7.394366860389709473e-01
-7.447983026504516602e-01
-7.500204443931579590e-01
-7.552987337112426758e-01
-7.601979970932006836e-01
-7.654829621315002441e-01
-7.711670398712158203e-01
-7.765708565711975098e-01
-7.816985249519348145e-01
-7.863500118255615234e-01
-7.917733788490295410e-01
-7.966986894607543945e-01
-8.020195960998535156e-01
-8.069084882736206055e-01
-8.123251795768737793e-01
-8.179433345794677734e-01
-8.228780627250671387e-01
-8.283306360244750977e-01
-8.336992263793945312e-01
-8.388872146606445312e-01
-8.439740538597106934e-01
-8.481113314628601074e-01
-8.496741056442260742e-01
-8.485761284828186035e-01
-8.446441888809204102e-01
-8.424587249755859375e-01
-8.411383032798767090e-01
-8.419225811958312988e-01
-8.425217270851135254e-01
-8.426895141601562500e-01
-8.425052165985107422e-01
-8.424889445304870605e-01
-8.425997495651245117e-01
-8.426262140274047852e-01
-8.425969481468200684e-01
-8.425121307373046875e-01
-8.425163030624389648e-01
-8.425942659378051758e-01
-8.426409363746643066e-01
-8.425122499465942383e-01
-8.424749374389648438e-01
-8.425875306129455566e-01
-8.426495790481567383e-01
-8.425455689430236816e-01
-8.424965739250183105e-01
-8.425712585449218750e-01
-8.426252603530883789e-01
-8.426165580749511719e-01
-8.425097465515136719e-01
-8.425073623657226562e-01
-8.426051139831542969e-01
-8.426495790481567383e-01
-8.425210714340209961e-01
-8.424939513206481934e-01
-8.425998091697692871e-01
-8.426513075828552246e-01
-8.425843119621276855e-01
-8.425012230873107910e-01
-8.425326347351074219e-01
-8.426187634468078613e-01
-8.426092267036437988e-01
-8.432208299636840820e-01
-8.429625630378723145e-01
-8.433437943458557129e-01
-8.433052301406860352e-01
-8.437532186508178711e-01
-8.435426950454711914e-01
-8.438563346862792969e-01
-8.440144658088684082e-01
-8.439691066741943359e-01
-8.443085551261901855e-01
-8.444581627845764160e-01
-8.446312546730041504e-01
-8.446530699729919434e-01
-8.447433114051818848e-01
-8.448218107223510742e-01
-8.453629016876220703e-01
-8.457694053649902344e-01
-8.459326624870300293e-01
-8.461453318595886230e-01
-8.464410305023193359e-01
-8.469228148460388184e-01
-8.473091125488281250e-01
-8.472155332565307617e-01
-8.473531007766723633e-01
-8.473376035690307617e-01
-8.473343849182128906e-01
-8.472701311111450195e-01
-8.472840189933776855e-01
-8.473538756370544434e-01
-8.473663330078125000e-01
-8.472738862037658691e-01
-8.472276329994201660e-01
-8.473511338233947754e-01
-8.473628759384155273e-01
-8.473141193389892578e-01
-8.472300171852111816e-01
-8.473040461540222168e-01
-8.473668098449707031e-01
-8.473623991012573242e-01
-8.472643494606018066e-01
-8.472466468811035156e-01
-8.473436236381530762e-01
-8.473876118659973145e-01
-8.472746014595031738e-01
-8.472181558609008789e-01
-8.473322391510009766e-01
-8.473662734031677246e-01
-8.473311066627502441e-01
-8.472328186035156250e-01
-8.472716808319091797e-01
-8.473685383796691895e-01
-8.473821282386779785e-01
-8.472693562507629395e-01
-8.472205400466918945e-01
-8.473423123359680176e-01
-8.473764657974243164e-01
-8.473044633865356445e-01
-8.472291827201843262e-01
-8.473006486892700195e-01
-8.473731875419616699e-01
-8.473790884017944336e-01
-8.472673892974853516e-01
-8.472542166709899902e-01
-8.473513722419738770e-01
-8.473954200744628906e-01
-8.472915291786193848e-01
-8.472289443016052246e-01
-8.473415970802307129e-01
-8.473702669143676758e-01
-8.473416566848754883e-01
-8.472632169723510742e-01
-8.472525477409362793e-01
-8.473491668701171875e-01
-8.473876118659973145e-01
-8.472738265991210938e-01
-8.472271561622619629e-01
-8.473504781723022461e-01
-8.473820090293884277e-01
-8.473140001296997070e-01
-8.472362756729125977e-01
-8.472934961318969727e-01
-8.473599553108215332e-01
-8.473715782165527344e-01
-8.472622036933898926e-01
-8.472404479980468750e-01
-8.473533391952514648e-01
-8.473955988883972168e-01
-8.472883701324462891e-01
-8.472226858139038086e-01
-8.473348617553710938e-01
-8.473719358444213867e-01
-8.473332524299621582e-01
-8.472353219985961914e-01
-8.472816944122314453e-01
-8.473589420318603516e-01
-8.473843932151794434e-01
-8.472771644592285156e-01
-8.472447395324707031e-01
-8.473529815673828125e-01
-8.473962545394897461e-01
-8.473116755485534668e-01
-8.472306728363037109e-01
-8.473250865936279297e-01
-8.473619222640991211e-01
-8.473689556121826172e-01
-8.472670912742614746e-01
-8.472573757171630859e-01
-8.473608493804931641e-01
-8.473926782608032227e-01
-8.472809791564941406e-01
-8.472339510917663574e-01
-8.473364710807800293e-01
-8.473742008209228516e-01
-8.473249077796936035e-01
-8.472442626953125000e-01
-8.472884297370910645e-01
-8.473644852638244629e-01
-8.473830223083496094e-01
-8.472744822502136230e-01
-8.472270369529724121e-01
-8.473601341247558594e-01
-8.473842144012451172e-01
-8.472901582717895508e-01
-8.472244739532470703e-01
-8.473281264305114746e-01
-8.473678827285766602e-01
-8.473405241966247559e-01
-8.472412228584289551e-01
-8.472710251808166504e-01
-8.473578095436096191e-01
-8.473865985870361328e-01
-8.472846746444702148e-01
-8.472337126731872559e-01
-8.473465442657470703e-01
-8.473761081695556641e-01
-8.472961783409118652e-01
-8.472359776496887207e-01
-8.473165631294250488e-01
-8.473723530769348145e-01
-8.473796248435974121e-01
-8.472740650177001953e-01
-8.472538590431213379e-01
-8.473712205886840820e-01
-8.473991155624389648e-01
-8.472864627838134766e-01
-8.472265005111694336e-01
-8.473456501960754395e-01
-8.473801612854003906e-01
-8.473371267318725586e-01
-8.472469449043273926e-01
-8.472671508789062500e-01
-8.473601341247558594e-01
-8.473930358886718750e-01
-8.472760915756225586e-01
-8.472253084182739258e-01
-8.473355770111083984e-01
-8.473827242851257324e-01
-8.473267555236816406e-01
-8.472430109977722168e-01
-8.472874164581298828e-01
-8.473599553108215332e-01
-8.473813533782958984e-01
-8.472735881805419922e-01
-8.472365140914916992e-01
-8.473467826843261719e-01
-8.473717570304870605e-01
-8.472988009452819824e-01
-8.472442030906677246e-01
-8.473142385482788086e-01
-8.473713994026184082e-01
-8.473616838455200195e-01
-8.472719192504882812e-01
-8.472515940666198730e-01
-8.473662137985229492e-01
-8.473911285400390625e-01
-8.472858667373657227e-01
-8.472236394882202148e-01
-8.473321199417114258e-01
-8.473811149597167969e-01
-8.473519086837768555e-01
-8.472604751586914062e-01
-8.472651839256286621e-01
-8.473635315895080566e-01
