6.910106539726257324e-01
6.909279227256774902e-01
6.910107731819152832e-01
6.911219358444213867e-01
6.910654902458190918e-01
6.909536719322204590e-01
6.909208893775939941e-01
6.910511255264282227e-01
6.911064386367797852e-01
6.909900903701782227e-01
6.909126639366149902e-01
6.910095214843750000e-01
6.911332607269287109e-01
6.910526156425476074e-01
6.909390687942504883e-01
6.909571886062622070e-01
6.910614967346191406e-01
6.910890340805053711e-01
6.909861564636230469e-01
6.909179687500000000e-01
6.910331845283508301e-01
6.911352872848510742e-01
6.910312771797180176e-01
6.909419298171997070e-01
6.909831166267395020e-01
6.910766959190368652e-01
6.910820603370666504e-01
6.909846663475036621e-01
6.909386515617370605e-01
6.910568475723266602e-01
6.911452412605285645e-01
6.910242438316345215e-01
6.909319162368774414e-01
6.909971237182617188e-01
6.911200881004333496e-01
6.910618543624877930e-01
6.909539103507995605e-01
6.908944845199584961e-01
6.910444498062133789e-01
6.910992860794067383e-01
6.909837126731872559e-01
6.909090280532836914e-01
6.909927725791931152e-01
6.911186575889587402e-01
6.910490393638610840e-01
6.909570097923278809e-01
6.909492015838623047e-01
6.910587549209594727e-01
6.911056637763977051e-01
6.909914612770080566e-01
6.909136772155761719e-01
6.910170316696166992e-01
6.911413669586181641e-01
6.910381317138671875e-01
6.909535527229309082e-01
6.909775733947753906e-01
6.910880208015441895e-01
6.911059021949768066e-01
6.909863948822021484e-01
6.909185051918029785e-01
6.910449862480163574e-01
6.911302208900451660e-01
6.910194158554077148e-01
6.909284591674804688e-01
6.909967064857482910e-01
6.910961270332336426e-01
6.910737752914428711e-01
6.909650564193725586e-01
6.908931732177734375e-01
6.910309791564941406e-01
6.911262869834899902e-01
6.910011172294616699e-01
6.909188628196716309e-01
6.910037994384765625e-01
6.911163330078125000e-01
6.910590529441833496e-01
6.909482479095458984e-01
6.909541487693786621e-01
6.910745501518249512e-01
6.911104321479797363e-01
6.909953951835632324e-01
6.909257173538208008e-01
6.910398006439208984e-01
6.911507844924926758e-01
6.910469532012939453e-01
6.909516453742980957e-01
6.909796595573425293e-01
6.910767555236816406e-01
6.910941600799560547e-01
6.909842491149902344e-01
6.909199357032775879e-01
6.910426616668701172e-01
6.911431550979614258e-01
6.910262703895568848e-01
6.909504532814025879e-01
6.909989714622497559e-01
6.911079883575439453e-01
6.910833716392517090e-01
6.909747123718261719e-01
6.909224390983581543e-01
6.910526156425476074e-01
6.911475062370300293e-01
6.910107135772705078e-01
6.909313201904296875e-01
6.909880042076110840e-01
6.912791728973388672e-01
6.913527846336364746e-01
6.912803053855895996e-01
6.914369463920593262e-01
6.917145848274230957e-01
6.920741796493530273e-01
6.922668814659118652e-01
6.927042603492736816e-01
6.932162046432495117e-01
6.935244202613830566e-01
6.935155391693115234e-01
6.938010454177856445e-01
6.938537955284118652e-01
6.944022774696350098e-01
6.950042247772216797e-01
6.953206062316894531e-01
6.955631375312805176e-01
6.962282061576843262e-01
6.968877315521240234e-01
6.972512602806091309e-01
6.976355314254760742e-01
6.978036761283874512e-01
6.982427835464477539e-01
6.984128355979919434e-01
6.988328695297241211e-01
6.990143656730651855e-01
6.993690729141235352e-01
6.998035311698913574e-01
6.999315023422241211e-01
7.002426385879516602e-01
7.005809545516967773e-01
7.012115120887756348e-01
7.016005516052246094e-01
7.017946243286132812e-01
7.020226120948791504e-01
7.026648521423339844e-01
7.029166817665100098e-01
7.027269601821899414e-01
7.027170658111572266e-01
7.027966976165771484e-01
7.029044032096862793e-01
7.028297185897827148e-01
7.027519941329956055e-01
7.026972770690917969e-01
7.028475999832153320e-01
7.028745412826538086e-01
7.027662396430969238e-01
7.027281522750854492e-01
7.028193473815917969e-01
7.029232978820800781e-01
7.028876543045043945e-01
7.027809619903564453e-01
7.028480172157287598e-01
7.030227780342102051e-01
7.030118107795715332e-01
7.029917240142822266e-01
7.029858827590942383e-01
7.031738758087158203e-01
7.032432556152343750e-01
7.031902074813842773e-01
7.031282186508178711e-01
7.032392024993896484e-01
7.036559581756591797e-01
7.042199969291687012e-01
7.045465111732482910e-01
7.048548460006713867e-01
7.055021524429321289e-01
7.060354948043823242e-01
7.058608531951904297e-01
7.064633369445800781e-01
7.069549560546875000e-01
7.072932720184326172e-01
7.080841064453125000e-01
7.084170579910278320e-01
7.089851498603820801e-01
7.091097235679626465e-01
7.095471620559692383e-01
7.095987796783447266e-01
7.100277543067932129e-01
7.098484635353088379e-01
7.102960348129272461e-01
7.104291319847106934e-01
7.103141546249389648e-01
7.107803225517272949e-01
7.108651399612426758e-01
7.109761238098144531e-01
7.109865546226501465e-01
7.111326456069946289e-01
7.112001180648803711e-01
7.114497423171997070e-01
7.112264633178710938e-01
7.111670970916748047e-01
7.111969590187072754e-01
7.111940383911132812e-01
7.112954854965209961e-01
7.111456990242004395e-01
7.107483744621276855e-01
7.106049656867980957e-01
7.104125022888183594e-01
7.096403241157531738e-01
7.094866633415222168e-01
7.091804742813110352e-01
7.086607217788696289e-01
7.082301378250122070e-01
7.077314853668212891e-01
7.074602246284484863e-01
7.067896127700805664e-01
7.062585949897766113e-01
7.056163549423217773e-01
7.056034803390502930e-01
7.045460343360900879e-01
7.042504549026489258e-01
7.034831047058105469e-01
7.024580240249633789e-01
7.020677924156188965e-01
7.012096047401428223e-01
7.005502581596374512e-01
6.992547512054443359e-01
6.987767815589904785e-01
6.982686519622802734e-01
6.974537372589111328e-01
6.960155367851257324e-01
6.951170563697814941e-01
6.944228410720825195e-01
6.936857700347900391e-01
6.927830576896667480e-01
6.919356584548950195e-01
6.910728812217712402e-01
6.901970505714416504e-01
6.890175342559814453e-01
6.876961588859558105e-01
6.861684322357177734e-01
6.854453086853027344e-01
6.843831539154052734e-01
6.837469935417175293e-01
6.829287409782409668e-01
6.815776824951171875e-01
6.803417801856994629e-01
6.796161532402038574e-01
6.793685555458068848e-01
6.797331571578979492e-01
6.809291839599609375e-01
6.814357638359069824e-01
6.817509531974792480e-01
6.814564466476440430e-01
6.814585328102111816e-01
6.814559698104858398e-01
6.814057230949401855e-01
6.813075542449951172e-01
6.814082860946655273e-01
6.814740300178527832e-01
6.814194917678833008e-01
6.813275814056396484e-01
6.813520789146423340e-01
6.814627051353454590e-01
6.814438104629516602e-01
6.813408732414245605e-01
6.812957525253295898e-01
6.814227700233459473e-01
6.814381480216979980e-01
6.813763976097106934e-01
6.813130378723144531e-01
6.813737750053405762e-01
6.814430952072143555e-01
6.814355254173278809e-01
6.813082098960876465e-01
6.813370585441589355e-01
6.814665794372558594e-01
6.814841032028198242e-01
6.813706755638122559e-01
6.812999844551086426e-01
6.814098358154296875e-01
6.814638972282409668e-01
6.814145445823669434e-01
6.812903881072998047e-01
6.813582777976989746e-01
6.814231872558593750e-01
6.814455389976501465e-01
6.813379526138305664e-01
6.813367009162902832e-01
6.814649105072021484e-01
6.814537644386291504e-01
6.813833117485046387e-01
6.813018321990966797e-01
6.814189553260803223e-01
6.814608573913574219e-01
6.814227104187011719e-01
6.813061237335205078e-01
6.813540458679199219e-01
6.814503669738769531e-01
6.814548373222351074e-01
6.813613176345825195e-01
6.813000440597534180e-01
6.814370155334472656e-01
6.814761161804199219e-01
6.813861131668090820e-01
6.813201904296875000e-01
6.813971996307373047e-01
6.814666390419006348e-01
6.814144849777221680e-01
6.813118457794189453e-01
6.813305616378784180e-01
6.814721822738647461e-01
6.814869642257690430e-01
6.813467144966125488e-01
6.813194155693054199e-01
6.814414858818054199e-01
6.814623475074768066e-01
6.814112663269042969e-01
6.813046932220458984e-01
6.814008355140686035e-01
6.814535856246948242e-01
6.814749836921691895e-01
6.807410717010498047e-01
6.809889078140258789e-01
6.806591153144836426e-01
6.806697845458984375e-01
6.804127097129821777e-01
6.799506545066833496e-01
6.798442006111145020e-01
6.797934174537658691e-01
6.794494986534118652e-01
6.789556145668029785e-01
6.790671944618225098e-01
6.788552403450012207e-01
6.786354184150695801e-01
6.782454252243041992e-01
6.778534650802612305e-01
6.778932809829711914e-01
6.777061820030212402e-01
6.778066158294677734e-01
6.776725053787231445e-01
6.776902675628662109e-01
6.777914166450500488e-01
6.778038740158081055e-01
6.777101159095764160e-01
6.776505708694458008e-01
6.777545213699340820e-01
6.778141260147094727e-01
6.777590513229370117e-01
6.776664257049560547e-01
6.776953339576721191e-01
6.777980923652648926e-01
6.778051853179931641e-01
6.777036786079406738e-01
6.776603460311889648e-01
6.777502298355102539e-01
6.778366565704345703e-01
6.777487993240356445e-01
6.776476502418518066e-01
6.777009367942810059e-01
6.778008937835693359e-01
6.777933835983276367e-01
6.776868700981140137e-01
6.776463389396667480e-01
6.777558922767639160e-01
6.778274774551391602e-01
6.777358055114746094e-01
6.776641607284545898e-01
6.777113080024719238e-01
6.778039932250976562e-01
6.777877807617187500e-01
6.776716113090515137e-01
6.776449084281921387e-01
6.777691245079040527e-01
6.778268218040466309e-01
6.777147650718688965e-01
6.776530146598815918e-01
6.777122020721435547e-01
6.778143048286437988e-01
6.777815818786621094e-01
6.776666641235351562e-01
6.776661276817321777e-01
6.777761578559875488e-01
6.780243515968322754e-01
6.784739494323730469e-01
6.787267327308654785e-01
6.792699098587036133e-01
6.799385547637939453e-01
6.806870102882385254e-01
6.811676025390625000e-01
6.815629601478576660e-01
6.820660233497619629e-01
6.825598478317260742e-01
6.830670237541198730e-01
6.836726665496826172e-01
6.845631003379821777e-01
6.855445504188537598e-01
6.861684918403625488e-01
6.868815422058105469e-01
6.877216696739196777e-01
6.885298490524291992e-01
6.892774701118469238e-01
6.899284124374389648e-01
6.906106472015380859e-01
6.912901997566223145e-01
6.920697689056396484e-01
6.928283572196960449e-01
6.937629580497741699e-01
6.944689750671386719e-01
6.955598592758178711e-01
6.962202787399291992e-01
6.968228816986083984e-01
6.977514624595642090e-01
6.988086104393005371e-01
6.997684836387634277e-01
7.003781199455261230e-01
7.009606361389160156e-01
7.019121646881103516e-01
7.029001712799072266e-01
7.037848830223083496e-01
7.045697569847106934e-01
7.053388953208923340e-01
7.062348127365112305e-01
7.068450450897216797e-01
7.077486515045166016e-01
7.086583375930786133e-01
7.094795703887939453e-01
7.106038928031921387e-01
7.114101052284240723e-01
7.123028039932250977e-01
7.132331132888793945e-01
7.141450643539428711e-01
7.150058150291442871e-01
7.158181667327880859e-01
7.165700197219848633e-01
7.173216938972473145e-01
7.181054353713989258e-01
7.190365791320800781e-01
7.201376557350158691e-01
7.213166952133178711e-01
7.222344279289245605e-01
7.231692671775817871e-01
7.240872383117675781e-01
7.244819402694702148e-01
7.253299355506896973e-01
7.259020209312438965e-01
7.272356152534484863e-01
7.277319431304931641e-01
7.291965484619140625e-01
7.299097180366516113e-01
7.306222319602966309e-01
7.312425374984741211e-01
7.323985099792480469e-01
7.335290908813476562e-01
7.337086200714111328e-01
7.335082292556762695e-01
7.346082925796508789e-01
7.353582978248596191e-01
7.361546158790588379e-01
7.364701628684997559e-01
7.369981408119201660e-01
7.374092936515808105e-01
7.378166317939758301e-01
7.382687330245971680e-01
7.385720610618591309e-01
7.392017841339111328e-01
7.396517395973205566e-01
7.403597235679626465e-01
7.403686046600341797e-01
7.412846088409423828e-01
7.416399717330932617e-01
7.419397234916687012e-01
7.426002621650695801e-01
7.429770231246948242e-01
7.436373829841613770e-01
7.436285614967346191e-01
7.438788414001464844e-01
7.440340518951416016e-01
7.440211772918701172e-01
7.447882294654846191e-01
7.449812293052673340e-01
7.453774809837341309e-01
7.452391982078552246e-01
7.455914616584777832e-01
7.453674077987670898e-01
7.449116706848144531e-01
7.460303902626037598e-01
7.464260458946228027e-01
7.472527623176574707e-01
7.476852536201477051e-01
7.476048469543457031e-01
7.477497458457946777e-01
7.479469776153564453e-01
7.480401396751403809e-01
7.481718063354492188e-01
7.481625676155090332e-01
7.484035491943359375e-01
7.484910488128662109e-01
7.485933303833007812e-01
7.487859129905700684e-01
7.488859295845031738e-01
7.491195797920227051e-01
7.492448091506958008e-01
7.491746544837951660e-01
7.491145133972167969e-01
7.492006421089172363e-01
7.496953010559082031e-01
7.495500445365905762e-01
7.494581341743469238e-01
7.496491670608520508e-01
7.488328814506530762e-01
7.488701343536376953e-01
7.488908171653747559e-01
7.487212419509887695e-01
7.488887906074523926e-01
7.487632036209106445e-01
7.484203577041625977e-01
7.481506466865539551e-01
7.486909031867980957e-01
7.484934329986572266e-01
7.480183839797973633e-01
7.471915483474731445e-01
7.469373345375061035e-01
7.465021610260009766e-01
7.465527057647705078e-01
7.453259825706481934e-01
7.454508543014526367e-01
7.446125745773315430e-01
7.443329095840454102e-01
7.436679005622863770e-01
7.435891032218933105e-01
7.428120374679565430e-01
7.423382997512817383e-01
7.421686053276062012e-01
7.419807910919189453e-01
7.402948141098022461e-01
7.396733760833740234e-01
7.396860718727111816e-01
7.388139367103576660e-01
7.384374737739562988e-01
7.381215095520019531e-01
7.374405264854431152e-01
7.368191480636596680e-01
7.360590100288391113e-01
7.356228828430175781e-01
7.347912788391113281e-01
7.341541051864624023e-01
7.332254648208618164e-01
7.321647405624389648e-01
7.313862442970275879e-01
7.301934957504272461e-01
7.300755977630615234e-01
7.290287017822265625e-01
7.282226681709289551e-01
7.276236414909362793e-01
7.265189886093139648e-01
7.255412340164184570e-01
7.246404290199279785e-01
7.238256335258483887e-01
7.229325771331787109e-01
7.219095826148986816e-01
7.210417985916137695e-01
7.199935317039489746e-01
7.190157771110534668e-01
7.175294756889343262e-01
7.163879871368408203e-01
7.154025435447692871e-01
7.143868803977966309e-01
7.131109833717346191e-01
7.114900946617126465e-01
7.106035351753234863e-01
7.093665599822998047e-01
7.082930207252502441e-01
7.069324254989624023e-01
7.054799199104309082e-01
7.042361497879028320e-01
7.033255100250244141e-01
7.016731500625610352e-01
7.001811265945434570e-01
6.984716057777404785e-01
6.974501013755798340e-01
6.957169771194458008e-01
6.940539479255676270e-01
6.924012303352355957e-01
6.907970905303955078e-01
6.891238093376159668e-01
6.874428391456604004e-01
6.853727698326110840e-01
6.838697791099548340e-01
6.821913123130798340e-01
6.805125474929809570e-01
6.784541606903076172e-01
6.769518256187438965e-01
6.748531460762023926e-01
6.734088063240051270e-01
6.718570590019226074e-01
6.700620651245117188e-01
6.686646938323974609e-01
6.668370962142944336e-01
6.650873422622680664e-01
6.631122231483459473e-01
6.612462997436523438e-01
6.595144867897033691e-01
6.579154729843139648e-01
6.558693647384643555e-01
6.542771458625793457e-01
6.526977419853210449e-01
6.508918404579162598e-01
6.492636799812316895e-01
6.471956968307495117e-01
6.455848217010498047e-01
6.438106894493103027e-01
6.416496634483337402e-01
6.396756172180175781e-01
6.378247141838073730e-01
6.361497640609741211e-01
6.341338753700256348e-01
6.319122314453125000e-01
6.299489140510559082e-01
6.276473999023437500e-01
6.259761452674865723e-01
6.239202022552490234e-01
6.214441061019897461e-01
6.197867989540100098e-01
6.178594231605529785e-01
6.155077815055847168e-01
6.132861375808715820e-01
6.109799146652221680e-01
6.088150739669799805e-01
6.066219210624694824e-01
6.038628816604614258e-01
6.015859842300415039e-01
5.994381308555603027e-01
5.970652103424072266e-01
5.948374271392822266e-01
5.924509763717651367e-01
5.901789665222167969e-01
5.880015492439270020e-01
5.856339335441589355e-01
5.827720761299133301e-01
5.804507732391357422e-01
5.778413414955139160e-01
5.755832195281982422e-01
5.729466676712036133e-01
5.702309012413024902e-01
5.679928064346313477e-01
5.656452178955078125e-01
5.634781122207641602e-01
5.604583024978637695e-01
5.580507516860961914e-01
5.561535954475402832e-01
5.555121898651123047e-01
5.563384294509887695e-01
5.578032732009887695e-01
5.585958361625671387e-01
5.587813854217529297e-01
5.586365461349487305e-01
5.584601759910583496e-01
5.585002303123474121e-01
5.586071610450744629e-01
5.586776137351989746e-01
5.585231781005859375e-01
5.584376454353332520e-01
5.585658550262451172e-01
5.586658120155334473e-01
5.585883259773254395e-01
5.584245920181274414e-01
5.584886670112609863e-01
5.586179494857788086e-01
5.586721301078796387e-01
5.584880113601684570e-01
5.584527850151062012e-01
5.585803389549255371e-01
5.586686134338378906e-01
5.585831403732299805e-01
5.584194660186767578e-01
5.585134625434875488e-01
5.586263537406921387e-01
5.586256980895996094e-01
5.584524273872375488e-01
5.584452152252197266e-01
5.585972666740417480e-01
5.586302876472473145e-01
5.585564374923706055e-01
5.584200620651245117e-01
5.585442781448364258e-01
5.586693882942199707e-01
5.586135983467102051e-01
5.584387183189392090e-01
5.584785342216491699e-01
5.585786700248718262e-01
5.586709976196289062e-01
5.585142374038696289e-01
5.584357380867004395e-01
5.585688948631286621e-01
5.586575269699096680e-01
5.585923194885253906e-01
5.584238171577453613e-01
5.584961771965026855e-01
5.586252808570861816e-01
5.586394667625427246e-01
5.584696531295776367e-01
5.584516525268554688e-01
5.585893392562866211e-01
5.586717128753662109e-01
5.585720539093017578e-01
5.584278106689453125e-01
5.585379004478454590e-01
5.586627721786499023e-01
5.586105585098266602e-01
5.584423542022705078e-01
5.584517717361450195e-01
5.585934519767761230e-01
5.586751103401184082e-01
5.585534572601318359e-01
5.584284663200378418e-01
5.585580468177795410e-01
5.586628317832946777e-01
5.585966110229492188e-01
5.584267377853393555e-01
5.584878921508789062e-01
5.586137771606445312e-01
5.586644411087036133e-01
5.584843754768371582e-01
5.584459900856018066e-01
5.585688352584838867e-01
5.586608648300170898e-01
5.585865378379821777e-01
5.584143996238708496e-01
5.585038065910339355e-01
5.586295723915100098e-01
5.586397647857666016e-01
5.584688186645507812e-01
5.584751367568969727e-01
5.580832958221435547e-01
5.584530234336853027e-01
5.587607026100158691e-01
5.585103631019592285e-01
5.589638948440551758e-01
5.593940615653991699e-01
5.595785379409790039e-01
5.597466826438903809e-01
5.606869459152221680e-01
5.607900023460388184e-01
5.605093240737915039e-01
5.609471201896667480e-01
5.610306262969970703e-01
5.619246363639831543e-01
5.619934201240539551e-01
5.622769594192504883e-01
5.618210434913635254e-01
5.625523924827575684e-01
5.625256896018981934e-01
5.629422068595886230e-01
5.632854700088500977e-01
5.630680918693542480e-01
5.639416575431823730e-01
5.640325546264648438e-01
5.640172362327575684e-01
5.639459490776062012e-01
5.644103884696960449e-01
5.645453929901123047e-01
5.642090439796447754e-01
5.644924044609069824e-01
5.646647214889526367e-01
5.647618174552917480e-01
5.644287467002868652e-01
5.642480850219726562e-01
5.642666220664978027e-01
5.644000768661499023e-01
5.647894144058227539e-01
5.643264055252075195e-01
5.641774535179138184e-01
5.646608471870422363e-01
5.647545456886291504e-01
5.646852254867553711e-01
5.645034909248352051e-01
5.646066665649414062e-01
5.643725395202636719e-01
5.647522807121276855e-01
5.645450949668884277e-01
5.645287632942199707e-01
5.646832585334777832e-01
5.647653937339782715e-01
5.643278956413269043e-01
5.645139813423156738e-01
5.646497607231140137e-01
5.647516250610351562e-01
5.647308230400085449e-01
5.642328858375549316e-01
5.645628571510314941e-01
5.646991729736328125e-01
5.647528171539306641e-01
5.643321275711059570e-01
5.641770362854003906e-01
5.646525621414184570e-01
5.644285082817077637e-01
5.647046566009521484e-01
5.645146965980529785e-01
5.642286539077758789e-01
5.647238492965698242e-01
5.647578239440917969e-01
5.642908811569213867e-01
5.642116665840148926e-01
5.643564462661743164e-01
5.647693276405334473e-01
5.646674633026123047e-01
5.642350912094116211e-01
5.643295645713806152e-01
5.647462606430053711e-01
5.647431612014770508e-01
5.642539858818054199e-01
5.645322799682617188e-01
5.646908879280090332e-01
5.647621750831604004e-01
5.643471479415893555e-01
5.645311474800109863e-01
5.646627545356750488e-01
5.644609928131103516e-01
5.647284984588623047e-01
5.645239353179931641e-01
5.642173886299133301e-01
5.647110939025878906e-01
5.647754669189453125e-01
5.643401741981506348e-01
5.641785264015197754e-01
5.643559098243713379e-01
5.647701621055603027e-01
5.644364356994628906e-01
5.642366409301757812e-01
5.646128654479980469e-01
5.647373795509338379e-01
5.644737482070922852e-01
5.645567774772644043e-01
5.645124912261962891e-01
5.643554329872131348e-01
5.647487640380859375e-01
5.646462440490722656e-01
5.645006299018859863e-01
5.646222233772277832e-01
5.647351741790771484e-01
5.647187829017639160e-01
5.645176768302917480e-01
5.642327070236206055e-01
5.646963119506835938e-01
5.647661089897155762e-01
5.646299719810485840e-01
5.645253062248229980e-01
5.646548271179199219e-01
5.647672414779663086e-01
5.647119283676147461e-01
5.642347931861877441e-01
5.645650029182434082e-01
5.647051930427551270e-01
5.644388198852539062e-01
5.642952919006347656e-01
5.644948482513427734e-01
5.646616816520690918e-01
5.647605657577514648e-01
5.643956661224365234e-01
5.641852021217346191e-01
5.646157264709472656e-01
5.647447109222412109e-01
5.647363662719726562e-01
5.642623305320739746e-01
5.645272731781005859e-01
5.646888613700866699e-01
5.648044943809509277e-01
5.630913972854614258e-01
5.606521964073181152e-01
5.581891536712646484e-01
5.561152100563049316e-01
5.531203150749206543e-01
5.494923591613769531e-01
5.464075207710266113e-01
5.430317521095275879e-01
5.396565198898315430e-01
5.358010530471801758e-01
5.319917798042297363e-01
5.280596017837524414e-01
5.240576267242431641e-01
5.202234387397766113e-01
5.157784819602966309e-01
5.116836428642272949e-01
5.079499483108520508e-01
5.037701129913330078e-01
4.998565018177032471e-01
4.958160817623138428e-01
4.922310113906860352e-01
4.884138703346252441e-01
4.845297336578369141e-01
4.804577529430389404e-01
4.770129024982452393e-01
4.730071723461151123e-01
4.691239595413208008e-01
4.648061394691467285e-01
4.612024128437042236e-01
4.571476280689239502e-01
4.530879557132720947e-01
4.489002525806427002e-01
4.450351297855377197e-01
4.409596025943756104e-01
4.371826052665710449e-01
4.331684708595275879e-01
4.293629825115203857e-01
4.254308640956878662e-01
4.216078817844390869e-01
4.176345169544219971e-01
4.133403897285461426e-01
4.096482694149017334e-01
4.057103991508483887e-01
4.021272063255310059e-01
3.977382183074951172e-01
3.939046561717987061e-01
3.906933069229125977e-01
3.863582611083984375e-01
3.825782239437103271e-01
3.786139488220214844e-01
3.747681677341461182e-01
3.709941506385803223e-01
3.669092655181884766e-01
3.626757860183715820e-01
3.587857782840728760e-01
3.547887206077575684e-01
3.510756492614746094e-01
3.469076752662658691e-01
3.431395292282104492e-01
3.395265936851501465e-01
3.356835842132568359e-01
3.317261934280395508e-01
3.274638354778289795e-01
3.238041400909423828e-01
3.195841610431671143e-01
3.159017860889434814e-01
3.117158412933349609e-01
3.072519898414611816e-01
3.038378655910491943e-01
3.005326986312866211e-01
2.972576618194580078e-01
2.936254739761352539e-01
2.897418439388275146e-01
2.862465679645538330e-01
2.823379635810852051e-01
2.785271406173706055e-01
2.748387157917022705e-01
2.709818482398986816e-01
2.669807076454162598e-01
2.625984549522399902e-01
2.585236132144927979e-01
2.545853257179260254e-01
2.506983876228332520e-01
2.466748803853988647e-01
2.424996495246887207e-01
2.387682795524597168e-01
2.349148392677307129e-01
2.311471849679946899e-01
2.269406765699386597e-01
2.232453227043151855e-01
2.195926010608673096e-01
2.156337797641754150e-01
2.116823792457580566e-01
2.077259719371795654e-01
2.039554715156555176e-01
2.002626657485961914e-01
1.962711960077285767e-01
1.923206299543380737e-01
1.888141632080078125e-01
1.848578304052352905e-01
1.810348629951477051e-01
1.769810467958450317e-01
1.738686412572860718e-01
1.701175570487976074e-01
1.673878729343414307e-01
1.654577702283859253e-01
1.670299917459487915e-01
1.681672036647796631e-01
1.682409048080444336e-01
1.678433269262313843e-01
1.677305251359939575e-01
1.679898500442504883e-01
1.679747998714447021e-01
1.680388152599334717e-01
1.678924411535263062e-01
1.678735017776489258e-01
1.680243760347366333e-01
1.680320054292678833e-01
1.679560393095016479e-01
1.678658425807952881e-01
1.679456681013107300e-01
1.680315434932708740e-01
1.680175215005874634e-01
1.678811907768249512e-01
1.679016202688217163e-01
1.680108457803726196e-01
1.680357605218887329e-01
1.679148226976394653e-01
1.678759008646011353e-01
1.679838895797729492e-01
1.680532544851303101e-01
1.679826527833938599e-01
1.678562313318252563e-01
1.679310947656631470e-01
1.680292189121246338e-01
1.680196225643157959e-01
1.678896546363830566e-01
1.678745895624160767e-01
1.679814457893371582e-01
1.680239737033843994e-01
1.679495424032211304e-01
1.678490489721298218e-01
1.679460704326629639e-01
1.680511981248855591e-01
1.680105924606323242e-01
1.678735762834548950e-01
1.679063290357589722e-01
1.680211424827575684e-01
1.680261045694351196e-01
1.679136753082275391e-01
1.679092049598693848e-01
1.679228395223617554e-01
1.681890487670898438e-01
1.679152101278305054e-01
1.679884195327758789e-01
1.677997261285781860e-01
1.674915999174118042e-01
1.676422357559204102e-01
1.673214137554168701e-01
1.675739139318466187e-01
1.673569977283477783e-01
1.677445024251937866e-01
1.678756922483444214e-01
1.688352078199386597e-01
1.699455231428146362e-01
1.702438741922378540e-01
1.700188815593719482e-01
1.702123135328292847e-01
1.700688451528549194e-01
1.703495681285858154e-01
1.702052354812622070e-01
1.700875759124755859e-01
1.701355874538421631e-01
1.702476888895034790e-01
1.703005284070968628e-01
1.700969189405441284e-01
1.701092272996902466e-01
1.702103912830352783e-01
1.703050285577774048e-01
1.701734811067581177e-01
1.700950413942337036e-01
1.701457053422927856e-01
1.702782958745956421e-01
1.702395230531692505e-01
1.701112240552902222e-01
1.701093614101409912e-01
1.702574193477630615e-01
1.702979654073715210e-01
1.701660901308059692e-01
1.701056659221649170e-01
1.702034920454025269e-01
1.702977120876312256e-01
1.702127456665039062e-01
1.701048463582992554e-01
1.701345294713973999e-01
1.702649295330047607e-01
1.702566593885421753e-01
1.701125502586364746e-01
1.700989454984664917e-01
1.702407151460647583e-01
1.702958494424819946e-01
1.701823472976684570e-01
1.701108664274215698e-01
1.701872497797012329e-01
1.703013777732849121e-01
1.702218204736709595e-01
1.701018363237380981e-01
1.701204776763916016e-01
1.702577322721481323e-01
1.702720373868942261e-01
1.701286882162094116e-01
1.700942367315292358e-01
1.702065020799636841e-01
1.702816337347030640e-01
1.701919138431549072e-01
1.700924336910247803e-01
1.701451390981674194e-01
1.702730208635330200e-01
1.702671945095062256e-01
1.701307445764541626e-01
1.701077222824096680e-01
1.702341437339782715e-01
1.702981293201446533e-01
1.701861917972564697e-01
1.700964421033859253e-01
1.701598316431045532e-01
1.702903956174850464e-01
1.702453643083572388e-01
1.698122024536132812e-01
1.690182387828826904e-01
1.675727814435958862e-01
1.663197576999664307e-01
1.645142138004302979e-01
1.622526645660400391e-01
1.598775684833526611e-01
1.571539193391799927e-01
1.546981781721115112e-01
1.521986424922943115e-01
1.495083868503570557e-01
1.470808386802673340e-01
1.442586630582809448e-01
1.413903981447219849e-01
1.385990083217620850e-01
1.359904408454895020e-01
1.332872807979583740e-01
1.306369900703430176e-01
1.277818083763122559e-01
1.253511160612106323e-01
1.228488013148307800e-01
1.199928522109985352e-01
1.171538382768630981e-01
1.141218990087509155e-01
1.111284345388412476e-01
1.081980690360069275e-01
1.054731011390686035e-01
1.023925989866256714e-01
9.961587935686111450e-02
9.707285463809967041e-02
9.423676878213882446e-02
9.209423512220382690e-02
8.958918601274490356e-02
8.698944747447967529e-02
8.467325568199157715e-02
8.193004131317138672e-02
7.904314994812011719e-02
7.693535089492797852e-02
7.480973005294799805e-02
7.230151444673538208e-02
6.931726634502410889e-02
6.680283695459365845e-02
6.421747803688049316e-02
6.140276789665222168e-02
5.864403769373893738e-02
5.595757439732551575e-02
5.346323922276496887e-02
5.093557387590408325e-02
4.802482575178146362e-02
4.575030878186225891e-02
4.316654801368713379e-02
4.046663269400596619e-02
3.773861005902290344e-02
3.472410142421722412e-02
3.227118775248527527e-02
2.932466566562652588e-02
2.632070705294609070e-02
2.317805960774421692e-02
2.023759111762046814e-02
1.682825013995170593e-02
1.427289564162492752e-02
1.132735889405012131e-02
7.705139927566051483e-03
3.948568366467952728e-03
9.992293780669569969e-04
-1.427385606802999973e-03
-4.391763359308242798e-03
-7.880370132625102997e-03
-1.128607150167226791e-02
-1.420982927083969116e-02
-1.686387509107589722e-02
-1.957400888204574585e-02
-2.279652282595634460e-02
-2.616528607904911041e-02
-2.897872589528560638e-02
-3.196792304515838623e-02
-3.568257763981819153e-02
-3.954963758587837219e-02
-4.292488098144531250e-02
-4.581579193472862244e-02
-4.730292037129402161e-02
-4.645761474967002869e-02
-4.521967843174934387e-02
-4.469170048832893372e-02
-4.506542906165122986e-02
-4.497077316045761108e-02
-4.498178884387016296e-02
-4.483157396316528320e-02
-4.489713907241821289e-02
-4.502002149820327759e-02
-4.495448619127273560e-02
-4.489042982459068298e-02
-4.486979544162750244e-02
-4.496110975742340088e-02
-4.502854868769645691e-02
-4.489159956574440002e-02
-4.483741149306297302e-02
-4.493243619799613953e-02
-4.502487927675247192e-02
-4.493856057524681091e-02
-4.482704773545265198e-02
-4.487532377243041992e-02
-4.497808963060379028e-02
-4.500333219766616821e-02
-4.486327618360519409e-02
-4.483924806118011475e-02
-4.494658485054969788e-02
-4.503866657614707947e-02
-4.492128267884254456e-02
-4.484522715210914612e-02
-4.490637034177780151e-02
-4.501742869615554810e-02
-4.496793076395988464e-02
-4.486636817455291748e-02
-4.488149285316467285e-02
-4.498999565839767456e-02
-4.501893371343612671e-02
-4.490006715059280396e-02
-4.483600333333015442e-02
-4.492398351430892944e-02
-4.504197090864181519e-02
-4.493499547243118286e-02
-4.484143108129501343e-02
-4.489391669631004333e-02
-4.499871283769607544e-02
-4.499841108918190002e-02
-4.488828405737876892e-02
-4.487153142690658569e-02
-4.495664685964584351e-02
-4.504545032978057861e-02
-4.493318870663642883e-02
-4.484397172927856445e-02
-4.490824788808822632e-02
-4.500794038176536560e-02
-4.498191550374031067e-02
-4.489780962467193604e-02
-4.557804763317108154e-02
-4.573211446404457092e-02
-4.573642462491989136e-02
-4.567071795463562012e-02
-4.561042413115501404e-02
-4.566333070397377014e-02
-4.574742168188095093e-02
-4.569559544324874878e-02
-4.560591652989387512e-02
-4.562553763389587402e-02
-4.572495818138122559e-02
-4.574641585350036621e-02
-4.563491046428680420e-02
-4.559797793626785278e-02
-4.570544138550758362e-02
-4.577077552676200867e-02
-4.567617923021316528e-02
-4.557439684867858887e-02
-4.564106836915016174e-02
-4.576453939080238342e-02
-4.573652893304824829e-02
-4.562942311167716980e-02
-4.562528058886528015e-02
-4.574251174926757812e-02
-4.576974734663963318e-02
-4.564553126692771912e-02
-4.558047652244567871e-02
-4.565844312310218811e-02
-4.573988541960716248e-02
-4.555651918053627014e-02
-4.552559554576873779e-02
-4.550720378756523132e-02
-4.567202553153038025e-02
-4.566149786114692688e-02
-4.556185379624366760e-02
-4.547594487667083740e-02
-4.558923840522766113e-02
-4.566820338368415833e-02
-4.557149857282638550e-02
-4.547084122896194458e-02
-4.551689326763153076e-02
-4.563036561012268066e-02
-4.561929032206535339e-02
-4.550389200448989868e-02
-4.549111053347587585e-02
-4.561044275760650635e-02
-4.568554088473320007e-02
-4.555577412247657776e-02
-4.548694193363189697e-02
-4.554829001426696777e-02
-4.565959051251411438e-02
-4.559843987226486206e-02
-4.550053179264068604e-02
-4.550620913505554199e-02
-4.562687128782272339e-02
-4.566209763288497925e-02
-4.554555937647819519e-02
-4.548734053969383240e-02
-4.557549953460693359e-02
-4.568032175302505493e-02
-4.556681960821151733e-02
-4.547895118594169617e-02
-4.552231729030609131e-02
-4.564139246940612793e-02
-4.563271626830101013e-02
-4.552131891250610352e-02
-4.549610987305641174e-02
-4.559891670942306519e-02
-4.568488150835037231e-02
-4.555631056427955627e-02
-4.547867178916931152e-02
-4.554215818643569946e-02
-4.566136747598648071e-02
-4.560427367687225342e-02
-4.548896476626396179e-02
-4.550647735595703125e-02
-4.562929645180702209e-02
-4.565719515085220337e-02
-4.554640129208564758e-02
-4.548441246151924133e-02
-4.557215422391891479e-02
-4.567934200167655945e-02
-4.555843397974967957e-02
-4.546562209725379944e-02
-4.551474004983901978e-02
-4.575448483228683472e-02
-4.611873254179954529e-02
-4.626596346497535706e-02
-4.673475027084350586e-02
-4.727965965867042542e-02
-4.714357852935791016e-02
-4.746249690651893616e-02
-4.757707193493843079e-02
-4.755437001585960388e-02
-4.770106077194213867e-02
-4.789155349135398865e-02
-4.772515967488288879e-02
-4.816348850727081299e-02
-4.859904572367668152e-02
-4.903340712189674377e-02
-4.892376065254211426e-02
-4.934917017817497253e-02
-4.982021823525428772e-02
-5.009723454713821411e-02
-5.056102201342582703e-02
-5.031756311655044556e-02
-5.038280785083770752e-02
-5.093250796198844910e-02
-5.076896771788597107e-02
-5.025753006339073181e-02
-5.033313482999801636e-02
-5.050206556916236877e-02
-5.081410706043243408e-02
-5.033225566148757935e-02
-5.031549558043479919e-02
-5.045699328184127808e-02
-5.086243525147438049e-02
-5.074806138873100281e-02
-5.032544583082199097e-02
-5.039871484041213989e-02
-5.048879235982894897e-02
-5.075285211205482483e-02
-5.030353367328643799e-02
-5.032578483223915100e-02
-5.045043677091598511e-02
-5.042397230863571167e-02
-5.032509937882423401e-02
-5.029644444584846497e-02
-5.042084306478500366e-02
-5.048394203186035156e-02
-5.074388533830642700e-02
-5.029484257102012634e-02
-5.037051066756248474e-02
-5.049549788236618042e-02
-5.080530792474746704e-02
-5.068578198552131653e-02
-5.033136904239654541e-02
-5.046131461858749390e-02
-5.085784196853637695e-02
-5.074238777160644531e-02
-5.031074211001396179e-02
-5.039154738187789917e-02
-5.050193890929222107e-02
-5.078157782554626465e-02
-5.031017959117889404e-02
-5.033640190958976746e-02
-5.046770721673965454e-02
-5.046062171459197998e-02
-5.036597326397895813e-02
-5.032395943999290466e-02
-5.041765421628952026e-02
-5.050791800022125244e-02
-5.077160522341728210e-02
-5.030231177806854248e-02
-5.034731328487396240e-02
-5.048257485032081604e-02
-5.081154406070709229e-02
-5.034344270825386047e-02
-5.031222105026245117e-02
-5.043324828147888184e-02
-5.048894137144088745e-02
-5.075531825423240662e-02
-5.031026899814605713e-02
-5.037261918187141418e-02
-5.048831552267074585e-02
-5.079818516969680786e-02
-5.032641813158988953e-02
-5.032899603247642517e-02
-5.045574903488159180e-02
-5.085904151201248169e-02
-5.037449672818183899e-02
-5.030185356736183167e-02
-5.040056258440017700e-02
-5.049472674727439880e-02
-5.077630653977394104e-02
-5.031294003129005432e-02
-5.033376440405845642e-02
-5.047462135553359985e-02
-5.083352699875831604e-02
-5.072151869535446167e-02
-5.031977593898773193e-02
-5.042335763573646545e-02
-5.049703270196914673e-02
-5.077125877141952515e-02
-5.030208081007003784e-02
-5.035371705889701843e-02
-5.048393085598945618e-02
-5.082352459430694580e-02
-5.032998323440551758e-02
-5.031707137823104858e-02
-5.045336857438087463e-02
-5.087054893374443054e-02
-5.075358226895332336e-02
-5.031476542353630066e-02
-5.039517581462860107e-02
-5.050699040293693542e-02
-5.080408975481987000e-02
-5.032897368073463440e-02
-5.034025013446807861e-02
-5.046879500150680542e-02
-5.046744644641876221e-02
-5.036982521414756775e-02
-5.030589178204536438e-02
-5.039806663990020752e-02
-5.049372836947441101e-02
-5.078128725290298462e-02
-5.065961927175521851e-02
-5.034254863858222961e-02
-5.097582936286926270e-02
-5.091667175292968750e-02
-5.193318799138069153e-02
-5.217052996158599854e-02
-5.318693444132804871e-02
-5.354737490415573120e-02
-5.447296425700187683e-02
-5.508598312735557556e-02
-5.604777857661247253e-02
-5.671116709709167480e-02
-5.742258578538894653e-02
-5.848183110356330872e-02
-5.870816856622695923e-02
-5.972002819180488586e-02
-6.033932045102119446e-02
-6.108113005757331848e-02
-6.146509945392608643e-02
-6.208355352282524109e-02
-6.297387927770614624e-02
-6.334608793258666992e-02
-6.401167809963226318e-02
-6.398005783557891846e-02
-6.437093019485473633e-02
-6.506603956222534180e-02
-6.542254239320755005e-02
-6.608378142118453979e-02
-6.654716283082962036e-02
-6.716759502887725830e-02
-6.782785058021545410e-02
-6.903702020645141602e-02
-6.884740293025970459e-02
-6.931900978088378906e-02
-6.952400505542755127e-02
-7.017146050930023193e-02
-7.009334117174148560e-02
-7.113481312990188599e-02
-7.158845663070678711e-02
-7.155077904462814331e-02
-7.209876924753189087e-02
-7.303509861230850220e-02
-7.315347343683242798e-02
-7.335373014211654663e-02
-7.360851019620895386e-02
-7.367570698261260986e-02
-7.376105338335037231e-02
-7.419706881046295166e-02
-7.449237257242202759e-02
-7.449630647897720337e-02
-7.473254203796386719e-02
-7.503247261047363281e-02
-7.520087808370590210e-02
-7.554995268583297729e-02
-7.601819932460784912e-02
-7.567986100912094116e-02
-7.582617551088333130e-02
-7.603306323289871216e-02
-7.619154453277587891e-02
-7.618439942598342896e-02
-7.631847262382507324e-02
-7.609023898839950562e-02
-7.617242634296417236e-02
-7.637571543455123901e-02
-7.633402943611145020e-02
-7.620773464441299438e-02
-7.625682651996612549e-02
-7.639671862125396729e-02
-7.635515928268432617e-02
-7.627328485250473022e-02
-7.622080296277999878e-02
-7.636059075593948364e-02
-7.639863342046737671e-02
-7.632072269916534424e-02
-7.621391117572784424e-02
-7.629047334194183350e-02
-7.642282545566558838e-02
-7.633765041828155518e-02
-7.624726742506027222e-02
-7.623599469661712646e-02
-7.638754695653915405e-02
-7.637651264667510986e-02
-7.631632685661315918e-02
-7.622306793928146362e-02
-7.632073014974594116e-02
-7.642375677824020386e-02
-7.634217292070388794e-02
-7.622118294239044189e-02
-7.626584917306900024e-02
-7.639596611261367798e-02
-7.636071741580963135e-02
-7.629272341728210449e-02
-7.622794806957244873e-02
-7.634368538856506348e-02
-7.641573995351791382e-02
-7.632450014352798462e-02
-7.621887326240539551e-02
-7.628193497657775879e-02
-7.641047239303588867e-02
-7.633877545595169067e-02
-7.626707851886749268e-02
-7.622915506362915039e-02
-7.637016475200653076e-02
-7.640784233808517456e-02
-7.606751471757888794e-02
-7.584824413061141968e-02
-7.559315860271453857e-02
-7.517059147357940674e-02
-7.474048435688018799e-02
-7.435195893049240112e-02
-7.386039197444915771e-02
-7.381745427846908569e-02
-7.335276156663894653e-02
-7.242191582918167114e-02
-7.225310057401657104e-02
-7.209786027669906616e-02
-7.216045260429382324e-02
-7.180508971214294434e-02
-7.176838070154190063e-02
-7.168209552764892578e-02
-7.151763886213302612e-02
-7.146887481212615967e-02
-7.132275402545928955e-02
-7.140011340379714966e-02
-7.145848870277404785e-02
-7.159510254859924316e-02
-7.149852812290191650e-02
-7.130301743745803833e-02
-7.128753513097763062e-02
-7.148417830467224121e-02
-7.194192707538604736e-02
-7.211431115865707397e-02
-7.221748679876327515e-02
-7.258272916078567505e-02
-7.285332679748535156e-02
-7.268267869949340820e-02
-7.275266945362091064e-02
-7.279900461435317993e-02
-7.337035238742828369e-02
-7.366410642862319946e-02
-7.411539554595947266e-02
-7.442569732666015625e-02
-7.536159455776214600e-02
-7.584393769502639771e-02
-7.607780396938323975e-02
-7.647700607776641846e-02
-7.660511881113052368e-02
-7.640501856803894043e-02
-7.729230076074600220e-02
-7.768338173627853394e-02
-7.725761085748672485e-02
-7.727661728858947754e-02
-7.747914642095565796e-02
-7.726170867681503296e-02
-7.726979255676269531e-02
-7.719484716653823853e-02
-7.738881558179855347e-02
-7.734229415655136108e-02
-7.727263122797012329e-02
-7.716508209705352783e-02
-7.729798555374145508e-02
-7.739044725894927979e-02
-7.730469852685928345e-02
-7.720655202865600586e-02
-7.723834365606307983e-02
-7.737189531326293945e-02
-7.735996693372726440e-02
-7.722859084606170654e-02
-7.720255106687545776e-02
-7.730165868997573853e-02
-7.738433778285980225e-02
-7.728708535432815552e-02
-7.718326896429061890e-02
-7.726620137691497803e-02
-7.737816125154495239e-02
-7.732063531875610352e-02
-7.721120864152908325e-02
-7.722211629152297974e-02
-7.733219116926193237e-02
-7.736591249704360962e-02
-7.727120071649551392e-02
-7.718729227781295776e-02
-7.729782909154891968e-02
-7.740579545497894287e-02
-7.732058316469192505e-02
-7.720175385475158691e-02
-7.723892480134963989e-02
-7.737031579017639160e-02
-7.734299451112747192e-02
-7.723703235387802124e-02
-7.719895988702774048e-02
-7.732260227203369141e-02
-7.738741487264633179e-02
-7.729605585336685181e-02
-7.719260454177856445e-02
-7.725982367992401123e-02
-7.737068831920623779e-02
-7.730945199728012085e-02
-7.721143215894699097e-02
-7.721687853336334229e-02
-7.733759284019470215e-02
-7.736837118864059448e-02
-7.725194096565246582e-02
-7.717999070882797241e-02
-7.729385048151016235e-02
-7.737579196691513062e-02
-7.729356735944747925e-02
-7.717526704072952271e-02
-7.723923027515411377e-02
-7.732027024030685425e-02
-7.963369041681289673e-02
-8.329235762357711792e-02
-8.732849359512329102e-02
-9.244042634963989258e-02
-9.742798656225204468e-02
-1.028183475136756897e-01
-1.086645126342773438e-01
-1.138071119785308838e-01
-1.197227761149406433e-01
-1.251512467861175537e-01
-1.305516064167022705e-01
-1.362244933843612671e-01
-1.419766396284103394e-01
-1.479157507419586182e-01
-1.534884572029113770e-01
-1.590799838304519653e-01
-1.653116792440414429e-01
-1.715638637542724609e-01
-1.772327125072479248e-01
-1.830182522535324097e-01
-1.885814070701599121e-01
-1.943325251340866089e-01
-2.002447545528411865e-01
-2.056219726800918579e-01
-2.113430351018905640e-01
-2.174543291330337524e-01
-2.236798703670501709e-01
-2.297661900520324707e-01
-2.346011400222778320e-01
-2.400359064340591431e-01
-2.456989288330078125e-01
-2.510556578636169434e-01
-2.563906908035278320e-01
-2.626582682132720947e-01
-2.688916623592376709e-01
-2.745326459407806396e-01
-2.803268432617187500e-01
-2.860594093799591064e-01
-2.921380698680877686e-01
-2.984481155872344971e-01
-3.037560582160949707e-01
-3.094633519649505615e-01
-3.153246939182281494e-01
-3.208664357662200928e-01
-3.269325494766235352e-01
-3.325849771499633789e-01
-3.380473554134368896e-01
-3.438879251480102539e-01
-3.492794930934906006e-01
-3.549019098281860352e-01
-3.607166409492492676e-01
-3.666197955608367920e-01
-3.726480901241302490e-01
-3.785222172737121582e-01
-3.840959966182708740e-01
-3.898377418518066406e-01
-3.951492011547088623e-01
-4.009977877140045166e-01
-4.064254760742187500e-01
-4.122007787227630615e-01
-4.180482923984527588e-01
-4.235809445381164551e-01
-4.293170869350433350e-01
-4.347857534885406494e-01
-4.401010572910308838e-01
-4.456751346588134766e-01
-4.509320259094238281e-01
-4.563779234886169434e-01
-4.620088040828704834e-01
-4.677689373493194580e-01
-4.725096821784973145e-01
-4.771264493465423584e-01
-4.827266633510589600e-01
-4.880785346031188965e-01
-4.937689006328582764e-01
-4.992098808288574219e-01
-5.042849779129028320e-01
-5.096558928489685059e-01
-5.153119564056396484e-01
-5.211426019668579102e-01
-5.260345339775085449e-01
-5.308218598365783691e-01
-5.337073206901550293e-01
-5.333860516548156738e-01
-5.295724272727966309e-01
-5.272015333175659180e-01
-5.259652137756347656e-01
-5.264713168144226074e-01
-5.266591906547546387e-01
-5.265043377876281738e-01
-5.264072418212890625e-01
-5.266310572624206543e-01
-5.265490412712097168e-01
-5.264703035354614258e-01
-5.263564586639404297e-01
-5.265265703201293945e-01
-5.265704393386840820e-01
-5.264843702316284180e-01
-5.263915061950683594e-01
-5.264641642570495605e-01
-5.265647172927856445e-01
-5.265504717826843262e-01
-5.264035463333129883e-01
-5.264125466346740723e-01
-5.265313982963562012e-01
-5.265973806381225586e-01
-5.264698266983032227e-01
-5.263885259628295898e-01
-5.264957547187805176e-01
-5.265886187553405762e-01
-5.265305638313293457e-01
-5.263873338699340820e-01
-5.264466404914855957e-01
-5.265466570854187012e-01
-5.265769958496093750e-01
-5.264387726783752441e-01
-5.264006257057189941e-01
-5.265079736709594727e-01
-5.266020894050598145e-01
-5.265142321586608887e-01
-5.263853073120117188e-01
-5.264765024185180664e-01
-5.265690684318542480e-01
-5.265474319458007812e-01
-5.264192223548889160e-01
-5.264219045639038086e-01
-5.265235900878906250e-01
-5.265968441963195801e-01
-5.264673829078674316e-01
-5.263828635215759277e-01
-5.264913439750671387e-01
-5.265886187553405762e-01
-5.265308022499084473e-01
-5.263963937759399414e-01
-5.264568328857421875e-01
-5.265454649925231934e-01
-5.265716314315795898e-01
-5.264438390731811523e-01
-5.264016389846801758e-01
-5.265164971351623535e-01
-5.266056060791015625e-01
-5.265108942985534668e-01
-5.263845324516296387e-01
-5.264851450920104980e-01
-5.265659689903259277e-01
-5.265504121780395508e-01
-5.264316797256469727e-01
-5.264293551445007324e-01
-5.265321135520935059e-01
-5.265971422195434570e-01
-5.264696478843688965e-01
-5.263789892196655273e-01
-5.264872908592224121e-01
-5.265907645225524902e-01
-5.265290737152099609e-01
-5.263941287994384766e-01
-5.264462232589721680e-01
-5.265467762947082520e-01
-5.265749096870422363e-01
-5.264521241188049316e-01
-5.263972282409667969e-01
-5.265166163444519043e-01
-5.266107320785522461e-01
-5.265145301818847656e-01
-5.263848900794982910e-01
-5.264727473258972168e-01
-5.265722870826721191e-01
-5.265589356422424316e-01
-5.264889001846313477e-01
-5.273646116256713867e-01
-5.273070931434631348e-01
-5.277667045593261719e-01
-5.272902250289916992e-01
-5.273454785346984863e-01
-5.271880030632019043e-01
-5.274348258972167969e-01
-5.273361802101135254e-01
-5.274503231048583984e-01
-5.274732708930969238e-01
-5.278456211090087891e-01
-5.279843807220458984e-01
-5.278437733650207520e-01
-5.278204083442687988e-01
-5.281291007995605469e-01
-5.279814004898071289e-01
-5.280609130859375000e-01
-5.275903940200805664e-01
-5.276945829391479492e-01
-5.277945995330810547e-01
-5.276435613632202148e-01
-5.275846719741821289e-01
-5.278193354606628418e-01
-5.281839966773986816e-01
-5.282121300697326660e-01
-5.282548666000366211e-01
-5.284901261329650879e-01
-5.287662744522094727e-01
-5.288611650466918945e-01
-5.289745926856994629e-01
-5.288366079330444336e-01
-5.290132761001586914e-01
-5.291236639022827148e-01
-5.289766788482666016e-01
-5.288619995117187500e-01
-5.289403796195983887e-01
-5.290637016296386719e-01
-5.290291309356689453e-01
-5.288869738578796387e-01
-5.288627147674560547e-01
-5.290223956108093262e-01
-5.290774703025817871e-01
-5.289598107337951660e-01
-5.288671255111694336e-01
-5.289558768272399902e-01
-5.290680527687072754e-01
-5.290189981460571289e-01
-5.288968086242675781e-01
-5.289077758789062500e-01
-5.290498733520507812e-01
-5.290290713310241699e-01
-5.289065241813659668e-01
-5.288500189781188965e-01
-5.289686918258666992e-01
-5.290750861167907715e-01
-5.289732217788696289e-01
-5.288838744163513184e-01
-5.289698243141174316e-01
-5.290632843971252441e-01
-5.290104150772094727e-01
-5.289136767387390137e-01
-5.288746356964111328e-01
-5.290027260780334473e-01
-5.290665626525878906e-01
-5.289316773414611816e-01
-5.288627147674560547e-01
-5.289609432220458984e-01
-5.290789604187011719e-01
-5.290166735649108887e-01
-5.288905501365661621e-01
-5.289154648780822754e-01
-5.290541648864746094e-01
-5.290218591690063477e-01
-5.288986563682556152e-01
-5.288562774658203125e-01
-5.290105938911437988e-01
-5.290797948837280273e-01
-5.289710760116577148e-01
-5.288667082786560059e-01
-5.289692282676696777e-01
-5.290710926055908203e-01
-5.290107727050781250e-01
-5.288885831832885742e-01
-5.288497209548950195e-01
-5.292394161224365234e-01
-5.295325517654418945e-01
-5.299498438835144043e-01
-5.304753184318542480e-01
-5.309322476387023926e-01
-5.314710140228271484e-01
-5.317938327789306641e-01
-5.327085256576538086e-01
-5.331532359123229980e-01
-5.336593985557556152e-01
-5.340323448181152344e-01
-5.345568656921386719e-01
-5.351145267486572266e-01
-5.356903672218322754e-01
-5.362751483917236328e-01
-5.365489125251770020e-01
-5.367141962051391602e-01
-5.374096632003784180e-01
-5.379372835159301758e-01
-5.383921861648559570e-01
-5.388408899307250977e-01
-5.391982197761535645e-01
-5.398298501968383789e-01
-5.402324199676513672e-01
-5.406614542007446289e-01
-5.408762097358703613e-01
-5.413080453872680664e-01
-5.418845415115356445e-01
-5.422093272209167480e-01
-5.425409674644470215e-01
-5.434355735778808594e-01
-5.436735749244689941e-01
-5.441702604293823242e-01
-5.444586873054504395e-01
-5.450061559677124023e-01
-5.454352498054504395e-01
-5.459271669387817383e-01
-5.460863113403320312e-01
-5.466468334197998047e-01
-5.471562147140502930e-01
-5.475752949714660645e-01
-5.479591488838195801e-01
-5.478549599647521973e-01
-5.486217141151428223e-01
-5.492866635322570801e-01
-5.503010153770446777e-01
-5.500502586364746094e-01
-5.504194498062133789e-01
-5.507144331932067871e-01
-5.513026118278503418e-01
-5.514510869979858398e-01
-5.517497062683105469e-01
-5.521098375320434570e-01
-5.521275401115417480e-01
-5.524806380271911621e-01
-5.528903007507324219e-01
-5.532335638999938965e-01
-5.532150268554687500e-01
-5.536130070686340332e-01
-5.538759827613830566e-01
-5.540082454681396484e-01
-5.544208884239196777e-01
-5.544093847274780273e-01
-5.543408393859863281e-01
-5.544473528861999512e-01
-5.546377897262573242e-01
-5.546439290046691895e-01
-5.544978380203247070e-01
-5.542246103286743164e-01
-5.541796088218688965e-01
-5.544800162315368652e-01
-5.542810559272766113e-01
-5.540855526924133301e-01
-5.539845824241638184e-01
-5.539146661758422852e-01
-5.535969138145446777e-01
-5.534323453903198242e-01
-5.531244277954101562e-01
-5.527390837669372559e-01
-5.526403188705444336e-01
-5.523469448089599609e-01
-5.521470308303833008e-01
-5.519204139709472656e-01
-5.516915321350097656e-01
-5.517832040786743164e-01
-5.512432456016540527e-01
-5.509275197982788086e-01
-5.504750609397888184e-01
-5.503486394882202148e-01
-5.499812960624694824e-01
-5.494304299354553223e-01
-5.492429137229919434e-01
-5.488189458847045898e-01
-5.484775304794311523e-01
-5.479944944381713867e-01
-5.474211573600769043e-01
-5.473850369453430176e-01
-5.466611981391906738e-01
-5.462061762809753418e-01
-5.455448031425476074e-01
-5.449084639549255371e-01
-5.444512367248535156e-01
-5.440070629119873047e-01
-5.431210994720458984e-01
-5.424866676330566406e-01
-5.419486165046691895e-01
-5.416325926780700684e-01
-5.408344864845275879e-01
-5.403915643692016602e-01
-5.398099422454833984e-01
-5.391312241554260254e-01
-5.386418700218200684e-01
-5.376387238502502441e-01
-5.367384552955627441e-01
-5.360801219940185547e-01
-5.351735353469848633e-01
-5.342914462089538574e-01
-5.335525274276733398e-01
-5.327535867691040039e-01
-5.318053364753723145e-01
-5.302686095237731934e-01
-5.291221141815185547e-01
-5.282890200614929199e-01
-5.268875360488891602e-01
-5.259901285171508789e-01
-5.243944525718688965e-01
-5.227805972099304199e-01
-5.219659209251403809e-01
-5.207561254501342773e-01
-5.195373296737670898e-01
-5.177049040794372559e-01
-5.165915489196777344e-01
-5.154340863227844238e-01
-5.139937996864318848e-01
-5.127409696578979492e-01
-5.110583901405334473e-01
-5.102299451828002930e-01
-5.089079141616821289e-01
-5.069789290428161621e-01
-5.054559111595153809e-01
-5.043812394142150879e-01
-5.025573372840881348e-01
-5.008654594421386719e-01
-4.994940757751464844e-01
-4.977100491523742676e-01
-4.959044754505157471e-01
-4.942418634891510010e-01
-4.925101101398468018e-01
-4.906520247459411621e-01
-4.891991913318634033e-01
-4.877606630325317383e-01
-4.855703413486480713e-01
-4.838578104972839355e-01
-4.819612503051757812e-01
-4.800924062728881836e-01
-4.785245954990386963e-01
-4.765579998493194580e-01
-4.750328660011291504e-01
-4.732821583747863770e-01
-4.710644185543060303e-01
-4.693417847156524658e-01
-4.670949280261993408e-01
-4.653929173946380615e-01
-4.631875157356262207e-01
-4.617814719676971436e-01
-4.595508873462677002e-01
-4.572960734367370605e-01
-4.554928243160247803e-01
-4.531836807727813721e-01
-4.510682821273803711e-01
-4.491974115371704102e-01
-4.467795193195343018e-01
-4.446083009243011475e-01
-4.418139755725860596e-01
-4.394418895244598389e-01
-4.377280473709106445e-01
-4.352012574672698975e-01
-4.324651360511779785e-01
-4.300932586193084717e-01
-4.278001785278320312e-01
-4.256814122200012207e-01
-4.234511852264404297e-01
-4.206733405590057373e-01
-4.183213710784912109e-01
-4.157400727272033691e-01
-4.131711721420288086e-01
-4.106365442276000977e-01
-4.082872867584228516e-01
-4.053557217121124268e-01
-4.027708470821380615e-01
-3.997948467731475830e-01
-3.974417746067047119e-01
-3.946816027164459229e-01
-3.923416435718536377e-01
-3.897013664245605469e-01
-3.870440423488616943e-01
-3.840025067329406738e-01
-3.816838860511779785e-01
-3.791766762733459473e-01
-3.768507242202758789e-01
-3.735906183719635010e-01
-3.712358772754669189e-01
-3.684800565242767334e-01
-3.652708530426025391e-01
-3.625506162643432617e-01
-3.599726557731628418e-01
-3.572704792022705078e-01
-3.541128337383270264e-01
-3.508786261081695557e-01
-3.478184342384338379e-01
-3.450778126716613770e-01
-3.416937589645385742e-01
-3.384663164615631104e-01
-3.354645371437072754e-01
-3.321070075035095215e-01
-3.289479017257690430e-01
-3.259271979331970215e-01
-3.230564594268798828e-01
-3.193304836750030518e-01
-3.167682588100433350e-01
-3.132017552852630615e-01
-3.098398745059967041e-01
-3.060252666473388672e-01
-3.026310205459594727e-01
-2.996073663234710693e-01
-2.962601780891418457e-01
-2.924988567829132080e-01
-2.891906201839447021e-01
-2.859625220298767090e-01
-2.824223339557647705e-01
-2.790480256080627441e-01
-2.759111821651458740e-01
-2.749132513999938965e-01
-2.759045064449310303e-01
-2.784916162490844727e-01
-2.799257934093475342e-01
-2.806811034679412842e-01
-2.802735865116119385e-01
-2.799087166786193848e-01
-2.796815633773803711e-01
-2.797068357467651367e-01
-2.798099815845489502e-01
-2.798263728618621826e-01
-2.798033654689788818e-01
-2.796894609928131104e-01
-2.797650098800659180e-01
-2.798760533332824707e-01
-2.798452079296112061e-01
-2.797127068042755127e-01
-2.797268927097320557e-01
-2.798508107662200928e-01
-2.798610925674438477e-01
-2.797531783580780029e-01
-2.796905934810638428e-01
-2.798058390617370605e-01
-2.798488140106201172e-01
-2.798049151897430420e-01
-2.796855866909027100e-01
-2.797448933124542236e-01
-2.798582017421722412e-01
-2.798180282115936279e-01
-2.797097861766815186e-01
-2.797024846076965332e-01
-2.798206508159637451e-01
-2.798638939857482910e-01
-2.797646522521972656e-01
-2.796775102615356445e-01
-2.797809541225433350e-01
-2.798396944999694824e-01
-2.798168659210205078e-01
-2.796912789344787598e-01
-2.795091867446899414e-01
-2.800280451774597168e-01
-2.804176211357116699e-01
-2.807452976703643799e-01
-2.807025909423828125e-01
-2.814193964004516602e-01
-2.818102240562438965e-01
-2.820338904857635498e-01
-2.822596430778503418e-01
-2.823429405689239502e-01
-2.828233540058135986e-01
-2.828981876373291016e-01
-2.829110324382781982e-01
-2.838961184024810791e-01
-2.837464511394500732e-01
-2.841344773769378662e-01
-2.837603688240051270e-01
-2.842777371406555176e-01
-2.840898633003234863e-01
-2.841545045375823975e-01
-2.841593325138092041e-01
-2.837097346782684326e-01
-2.836089730262756348e-01
-2.836402952671051025e-01
-2.835439741611480713e-01
-2.834520041942596436e-01
-2.834969460964202881e-01
-2.836079597473144531e-01
-2.835810780525207520e-01
-2.834562361240386963e-01
-2.834558486938476562e-01
-2.835734188556671143e-01
-2.835978269577026367e-01
-2.835029065608978271e-01
-2.834284305572509766e-01
-2.835522294044494629e-01
-2.836284637451171875e-01
-2.835622429847717285e-01
-2.834252417087554932e-01
-2.834884226322174072e-01
-2.836125195026397705e-01
-2.835819721221923828e-01
-2.834420204162597656e-01
-2.834411263465881348e-01
-2.835755646228790283e-01
-2.836062908172607422e-01
-2.835009396076202393e-01
-2.834213972091674805e-01
-2.835383415222167969e-01
-2.836233079433441162e-01
-2.835666835308074951e-01
-2.834330201148986816e-01
-2.834759950637817383e-01
-2.835918962955474854e-01
-2.835910320281982422e-01
-2.834837138652801514e-01
-2.834252715110778809e-01
-2.835528254508972168e-01
-2.836212515830993652e-01
-2.835549116134643555e-01
-2.834191620349884033e-01
-2.834947407245635986e-01
-2.836124300956726074e-01
-2.835885286331176758e-01
-2.834485769271850586e-01
-2.834379374980926514e-01
-2.835732996463775635e-01
-2.836095690727233887e-01
-2.835132181644439697e-01
-2.834110260009765625e-01
-2.835041880607604980e-01
-2.836155295372009277e-01
-2.835749685764312744e-01
-2.834340929985046387e-01
-2.834614813327789307e-01
-2.835761606693267822e-01
-2.836033999919891357e-01
-2.834973037242889404e-01
-2.834347486495971680e-01
-2.835536301136016846e-01
-2.836177945137023926e-01
-2.835569679737091064e-01
-2.834260463714599609e-01
-2.834861278533935547e-01
-2.836038768291473389e-01
-2.835867106914520264e-01
-2.834492027759552002e-01
-2.834517359733581543e-01
-2.835716307163238525e-01
-2.835997939109802246e-01
-2.835008502006530762e-01
-2.834084630012512207e-01
-2.835338115692138672e-01
-2.836366593837738037e-01
-2.835624516010284424e-01
-2.834288775920867920e-01
-2.834834158420562744e-01
-2.836060523986816406e-01
-2.835907042026519775e-01
-2.834589779376983643e-01
-2.834398746490478516e-01
-2.835653126239776611e-01
-2.836204171180725098e-01
-2.835402786731719971e-01
-2.834244370460510254e-01
-2.835056781768798828e-01
-2.836121916770935059e-01
-2.835870385169982910e-01
-2.834404706954956055e-01
-2.834482192993164062e-01
-2.835747897624969482e-01
-2.836061418056488037e-01
-2.835157811641693115e-01
-2.834193110466003418e-01
-2.835515439510345459e-01
-2.836286723613739014e-01
-2.835692763328552246e-01
-2.834320366382598877e-01
-2.834808528423309326e-01
-2.835923135280609131e-01
-2.835937440395355225e-01
-2.834519743919372559e-01
-2.834364771842956543e-01
-2.835617065429687500e-01
-2.836098074913024902e-01
-2.835207879543304443e-01
-2.834139764308929443e-01
-2.835288047790527344e-01
-2.836295962333679199e-01
-2.835685312747955322e-01
-2.834311723709106445e-01
-2.834772467613220215e-01
-2.835862040519714355e-01
-2.835827767848968506e-01
-2.834824621677398682e-01
-2.834266424179077148e-01
-2.835499048233032227e-01
-2.836160361766815186e-01
-2.835362255573272705e-01
-2.834155559539794922e-01
-2.834847569465637207e-01
-2.836074531078338623e-01
-2.835795581340789795e-01
-2.834369242191314697e-01
-2.834256887435913086e-01
-2.835543155670166016e-01
-2.835939228534698486e-01
-2.835055887699127197e-01
-2.834069430828094482e-01
-2.835227847099304199e-01
-2.836240828037261963e-01
-2.835658192634582520e-01
-2.834356427192687988e-01
-2.834568917751312256e-01
-2.835783362388610840e-01
-2.835977673530578613e-01
-2.834891080856323242e-01
-2.834254205226898193e-01
-2.835449576377868652e-01
-2.836133539676666260e-01
-2.835489213466644287e-01
-2.834228873252868652e-01
-2.834724485874176025e-01
-2.835925817489624023e-01
-2.835890948772430420e-01
-2.834610939025878906e-01
-2.834150493144989014e-01
-2.835476398468017578e-01
-2.836048901081085205e-01
-2.835342884063720703e-01
-2.834114134311676025e-01
-2.834849357604980469e-01
-2.836031317710876465e-01
-2.835919857025146484e-01
-2.834476232528686523e-01
-2.834389209747314453e-01
-2.835610508918762207e-01
-2.836042344570159912e-01
-2.835231721401214600e-01
-2.834073901176452637e-01
-2.835102081298828125e-01
-2.836203277111053467e-01
-2.835740745067596436e-01
